21 33 2 26 32 22 20 43 46 21 49 49 23 49 36 13 55 69 43 25 67 63 59 8 
33 13 254 5 28 26 22 40 48 22 51 52 27 45 48 5 56 58 48 31 60 60 63 11 
32 17 247 12 23 28 29 24 35 20 47 51 35 52 45 10 54 59 43 38 60 60 66 14 
19 25 3 12 25 26 30 34 54 22 59 48 28 50 48 0 47 60 40 23 68 59 55 24 
24 24 0 5 23 15 29 28 49 27 52 46 25 58 52 17 45 61 44 23 60 51 67 15 
17 33 248 20 32 29 25 28 46 24 36 53 25 56 43 11 53 71 53 30 60 49 69 12 
29 22 0 10 30 35 25 34 53 9 52 59 38 48 43 19 57 49 42 34 70 51 67 10 
25 21 245 14 25 32 40 31 47 23 53 38 29 33 44 0 61 71 48 22 67 62 62 8 
27 26 0 13 24 23 28 46 54 26 49 43 24 55 44 12 48 65 48 26 59 62 61 4 
29 24 253 10 22 28 27 30 55 22 42 59 26 58 45 6 43 53 52 24 69 60 56 15 
20 21 0 14 23 19 30 26 40 29 58 46 28 55 45 12 55 67 58 31 61 60 62 18 
28 30 244 14 17 26 22 34 42 24 51 40 27 53 41 11 56 58 59 25 59 51 67 8 
30 14 249 7 31 27 20 36 45 17 46 49 35 44 49 8 51 73 52 29 52 59 65 3 
31 19 252 19 19 29 25 32 51 27 42 44 34 59 38 16 52 53 57 36 53 57 66 12 
26 27 9 6 17 24 38 34 45 26 56 51 23 42 44 17 53 71 54 37 61 44 55 22 
28 26 7 21 36 11 26 17 52 25 55 35 35 54 44 5 52 53 58 35 63 58 57 2 
21 25 1 16 32 22 27 35 55 16 49 55 33 53 37 17 56 54 55 30 64 55 71 13 
24 31 4 9 30 25 30 30 52 15 50 48 33 51 37 11 40 63 52 36 60 50 54 16 
21 31 254 23 44 26 24 33 46 17 44 52 25 50 48 8 56 60 51 29 59 57 60 16 
29 23 3 13 29 23 26 30 43 29 57 55 18 45 53 12 51 58 54 23 74 65 65 17 
23 21 4 8 36 5 48 30 47 22 54 42 32 59 42 16 52 71 53 29 52 66 53 18 
29 32 254 7 25 29 28 40 53 27 58 48 36 43 39 254 44 60 64 31 67 50 65 8 
21 25 251 15 30 23 22 28 47 18 55 41 33 55 37 21 62 66 62 21 60 58 66 24 
29 26 2 10 30 27 31 38 49 25 45 55 27 55 49 21 49 65 50 33 60 43 65 18 
29 29 0 8 32 26 32 41 43 29 50 45 32 58 38 13 58 62 42 23 54 55 61 3 
19 17 252 9 24 29 32 41 55 30 59 52 20 43 45 12 45 61 44 27 65 58 70 18 
36 16 7 20 30 32 35 35 39 20 57 58 32 58 46 2 48 56 44 29 68 61 64 20 
41 25 254 2 31 22 29 42 44 29 53 43 31 63 46 19 50 58 54 38 67 61 65 11 
27 15 3 25 35 24 39 40 46 27 54 49 11 53 43 15 42 66 51 34 62 51 54 8 
28 23 0 12 25 35 27 35 45 28 54 51 38 53 38 7 56 64 51 26 61 51 67 13 
29 19 6 10 21 22 33 34 59 21 58 53 32 52 44 8 53 56 49 30 59 50 61 16 
23 20 0 12 26 13 24 40 44 34 46 48 26 57 41 24 50 61 40 34 72 35 59 9 
26 20 2 8 26 21 27 40 49 24 48 49 24 65 39 16 47 64 53 27 73 52 67 20 
28 26 3 18 33 22 30 32 42 28 50 46 33 52 40 15 48 50 62 37 63 64 56 14 
32 23 0 9 26 20 23 28 46 20 52 57 27 53 47 9 55 60 49 16 69 48 61 6 
27 22 0 15 35 30 41 48 49 29 48 51 29 53 38 13 50 63 53 24 68 67 53 18 
17 22 8 17 38 24 25 32 48 29 67 48 29 54 37 6 45 50 53 35 71 58 66 10 
26 22 3 16 30 26 34 40 49 14 55 53 27 46 45 15 52 62 44 25 58 67 61 10 
26 18 254 11 29 23 32 25 52 30 56 55 36 61 31 8 49 60 51 31 77 50 66 11 
30 23 1 13 30 28 24 28 43 20 54 47 33 58 44 12 45 60 55 38 69 50 56 10 
27 18 254 8 37 21 24 38 51 7 52 50 20 53 40 5 45 72 65 40 73 58 59 13 
36 27 5 0 25 21 27 36 47 15 56 56 33 44 38 19 52 69 56 32 59 52 66 10 
24 22 255 8 35 35 37 37 38 28 51 43 36 56 37 7 44 65 51 27 68 62 63 6 
31 23 249 1 31 27 34 39 50 10 50 52 23 45 46 5 54 73 47 32 61 59 52 12 
22 26 5 14 28 35 36 40 53 23 47 42 37 57 46 16 44 56 54 28 49 53 71 7 
26 21 2 14 35 22 28 34 44 29 57 49 20 49 50 12 49 62 50 32 73 63 69 10 
30 12 1 17 31 23 19 32 52 16 48 55 25 43 47 9 50 61 49 30 60 64 62 2 
27 19 2 2 35 15 33 39 45 29 55 48 26 57 44 16 58 64 52 26 66 56 59 14 
25 24 0 4 17 31 35 33 47 26 59 42 28 49 42 18 57 66 44 26 61 53 66 7 
19 22 0 7 32 28 27 34 56 21 60 61 29 57 30 14 47 68 54 26 54 63 69 11 
22 24 5 10 31 21 26 43 43 20 50 49 25 61 52 3 52 56 54 27 53 55 64 11 
22 25 251 6 20 36 35 30 53 27 65 46 28 46 43 6 56 58 54 32 65 55 62 9 
28 38 0 11 36 23 29 36 46 20 50 50 25 64 44 14 45 62 44 31 59 55 56 21 
31 26 252 6 32 23 29 43 40 30 54 52 39 52 31 6 46 55 57 35 64 61 55 19 
28 17 6 8 26 17 26 39 54 25 60 57 20 54 34 16 55 48 57 32 61 61 72 10 
29 17 252 12 27 18 31 33 47 13 54 50 33 60 51 12 52 59 63 43 61 59 58 19 
30 14 250 13 29 23 30 36 39 23 54 55 27 44 54 20 41 68 51 34 66 63 69 251 
29 22 252 18 22 16 36 37 63 31 65 54 28 68 43 15 68 66 60 18 64 45 56 20 
29 21 3 19 31 26 26 41 45 27 46 45 19 61 39 18 47 70 45 23 63 53 69 14 
26 15 1 11 31 29 20 32 50 29 55 43 28 59 47 14 54 61 54 25 57 55 75 13 
26 22 1 14 35 20 33 28 45 29 47 55 25 60 41 22 56 61 55 22 64 54 51 9 
20 24 0 6 22 19 33 26 46 34 58 53 36 54 44 17 47 56 43 35 71 50 68 8 
34 17 253 8 39 25 33 44 47 19 48 53 26 64 44 13 61 64 53 34 65 54 64 20 
41 19 251 11 43 14 21 49 57 28 46 44 23 55 30 11 59 64 64 23 58 55 61 17 
29 21 0 21 31 24 28 33 39 29 62 45 36 45 44 11 58 48 51 29 58 48 61 18 
27 16 253 11 31 28 42 32 43 22 60 45 25 59 37 7 45 54 52 28 56 60 66 17 
30 22 5 9 32 32 30 32 43 30 40 49 44 60 35 10 54 62 46 35 52 62 67 23 
44 15 6 7 33 25 28 32 46 25 52 54 30 60 46 18 42 71 49 23 62 46 69 10 
29 26 254 11 28 25 31 33 48 22 63 60 27 52 43 7 54 66 44 30 60 49 63 8 
36 26 5 16 27 22 23 31 50 25 51 51 27 57 34 6 51 55 57 31 52 54 60 14 
28 22 253 8 26 28 30 43 49 27 61 61 28 60 39 9 59 62 48 34 61 54 52 10 
27 22 6 18 22 28 32 28 45 24 54 46 33 66 45 15 52 58 52 22 63 50 61 13 
25 10 249 9 28 21 32 34 44 13 61 58 25 58 41 8 50 65 52 21 62 55 69 10 
14 21 11 19 31 15 26 29 50 30 51 52 27 51 43 2 51 56 58 33 66 59 72 14 
14 27 7 9 26 27 35 37 58 31 54 43 25 56 39 12 49 56 55 39 60 53 63 24 
29 30 11 13 43 30 28 40 40 31 44 59 30 47 40 7 49 53 59 30 63 52 61 15 
17 28 254 21 28 24 24 35 54 24 41 46 31 47 46 4 46 61 60 30 64 62 60 15 
33 24 251 21 36 41 33 30 45 25 56 45 31 52 46 9 45 65 46 22 63 55 62 13 
22 25 2 9 28 15 32 28 54 26 54 53 24 50 30 23 58 61 51 33 54 52 63 11 
13 14 251 16 30 16 36 25 49 21 44 43 17 50 54 16 48 72 53 18 54 58 64 4 
34 35 250 22 15 27 32 35 39 27 51 48 32 52 45 7 54 50 51 33 53 46 68 3 
23 20 4 10 34 37 30 31 45 29 57 48 33 52 42 13 51 62 53 23 64 53 60 14 
28 29 1 5 30 29 31 40 53 36 41 59 22 49 43 13 56 56 55 25 60 52 65 22 
30 25 255 14 17 36 26 37 54 25 56 53 36 54 45 7 52 71 59 41 58 59 56 10 
13 20 3 17 35 16 29 44 52 31 61 42 25 53 40 13 46 51 61 29 64 53 70 8 
27 14 255 12 29 25 37 36 50 25 50 50 29 53 40 5 56 63 56 35 61 59 63 18 
22 18 250 250 25 26 37 27 53 26 59 43 23 47 39 13 48 51 51 20 61 60 54 21 
41 25 4 5 28 27 21 37 53 23 49 54 27 53 52 0 55 67 52 35 64 67 55 10 
30 27 2 19 41 9 31 45 44 33 56 45 34 57 40 13 58 56 54 23 58 63 51 12 
19 23 15 16 26 33 28 35 53 28 63 50 22 51 34 7 50 73 53 38 64 60 57 18 
29 21 15 8 38 30 32 38 49 24 55 51 35 60 45 9 46 68 49 30 53 59 61 6 
14 32 0 19 30 23 28 55 49 30 53 50 32 57 36 4 52 72 50 36 66 57 52 23 
18 29 2 18 32 27 25 37 47 30 55 47 26 62 36 16 52 51 58 35 55 50 65 9 
31 28 255 0 38 24 31 38 41 32 55 50 22 53 39 13 45 56 47 32 65 59 61 6 
22 25 2 5 37 24 32 43 52 18 49 57 26 54 31 6 49 64 53 33 58 54 67 12 
18 15 0 20 29 30 28 38 47 38 43 54 30 47 37 15 55 64 48 30 63 52 66 252 
22 21 1 11 26 24 32 33 49 24 41 54 41 54 43 11 47 69 45 42 72 54 65 12 
18 29 7 9 36 21 33 31 33 17 60 52 38 47 46 11 61 60 50 38 67 70 61 18 
20 21 252 17 37 20 34 32 42 19 51 50 33 51 45 26 53 50 57 28 66 58 60 11 
31 17 6 6 31 20 31 38 47 29 47 56 19 53 39 10 62 55 55 24 76 59 54 5 
28 10 4 10 28 22 20 32 43 27 42 50 30 52 34 12 54 64 53 21 61 47 64 13 
31 27 11 7 39 19 27 23 56 29 54 56 33 49 37 22 56 60 57 24 61 59 55 3 
19 29 255 17 35 22 26 31 39 38 50 55 29 58 39 22 58 61 50 32 59 48 64 8 
23 22 5 24 37 20 35 23 47 12 55 59 21 64 38 16 52 63 52 40 56 55 64 14 
30 32 4 21 17 21 24 19 51 20 64 49 28 58 30 5 51 56 45 26 49 57 66 15 
29 22 0 7 31 20 32 33 54 24 51 43 32 61 36 13 49 67 52 30 68 60 75 4 
30 23 253 13 34 28 26 32 55 23 61 52 29 48 50 15 46 69 44 22 67 46 65 15 
35 18 255 14 35 33 36 30 40 28 57 49 30 58 30 17 57 60 55 34 55 51 70 12 
16 28 254 16 22 10 32 41 41 21 58 49 19 59 44 7 49 68 57 24 56 57 52 7 
34 27 2 7 30 34 31 43 47 33 47 54 35 53 36 9 45 69 50 29 49 54 58 19 
25 28 250 10 23 40 25 36 44 10 56 42 33 63 39 19 55 69 50 26 56 63 63 18 
21 27 3 13 35 32 30 30 38 25 54 44 23 48 46 9 43 59 44 19 56 64 67 15 
21 21 5 7 35 25 35 35 56 33 51 54 23 51 37 10 49 59 55 20 62 54 58 24 
33 21 255 20 21 23 29 38 49 20 50 53 18 46 44 17 54 67 63 30 70 54 58 18 
12 30 0 25 29 24 29 36 61 26 53 59 34 55 36 0 52 62 60 25 66 53 62 10 
33 26 8 19 28 24 35 35 39 25 47 47 25 52 41 12 52 71 52 33 54 55 58 11 
28 21 3 11 34 17 14 24 42 30 46 49 31 58 37 11 48 62 53 33 55 60 69 1 
12 31 2 16 30 27 23 37 40 29 57 47 23 52 35 8 45 63 43 25 63 65 52 14 
26 24 5 12 18 24 33 37 41 27 48 63 25 63 44 7 55 71 57 32 69 60 67 19 
26 18 253 13 24 25 28 36 51 18 54 49 28 61 39 8 51 69 57 35 60 51 68 7 
31 33 249 2 29 23 27 19 48 15 48 56 26 50 38 6 56 64 61 28 61 51 58 22 
23 14 1 26 32 25 24 29 51 20 55 55 33 62 47 13 53 72 54 24 64 63 61 16 
22 20 255 9 29 22 33 38 63 41 52 55 25 46 39 6 53 61 55 26 61 54 60 10 
22 16 2 4 27 21 28 33 48 29 51 53 31 46 52 21 51 67 48 34 64 53 64 7 
19 17 3 23 9 23 29 33 56 31 55 46 28 60 46 16 48 68 42 29 60 63 52 8 
32 16 0 12 21 37 28 32 45 20 58 62 37 65 41 14 54 55 52 26 66 47 61 10 
19 21 245 10 28 29 30 47 57 20 47 41 28 47 43 10 50 64 50 24 71 48 63 12 
29 25 6 20 29 28 27 38 48 24 56 55 25 55 51 11 53 63 47 24 67 58 60 21 
27 26 10 5 29 13 36 41 53 35 43 52 28 61 42 20 49 67 45 30 65 61 66 13 
28 26 0 5 21 22 22 38 51 24 63 59 34 56 43 16 36 59 58 36 65 58 68 6 
34 20 255 17 29 25 26 31 44 31 62 48 38 66 41 10 47 67 52 28 68 50 60 13 
28 31 0 11 20 29 38 29 48 26 41 38 25 71 52 10 47 59 43 24 62 64 61 8 
25 16 2 3 26 26 27 43 37 22 48 52 18 55 50 20 41 61 54 23 68 59 61 4 
23 21 251 18 20 19 40 30 52 25 54 55 28 59 39 24 48 65 49 26 60 62 64 8 
32 19 252 23 37 13 20 46 47 17 52 54 30 45 37 14 47 69 51 34 66 55 64 13 
32 24 14 9 23 25 29 35 55 18 46 47 28 62 46 6 54 51 51 29 58 48 73 11 
30 15 1 12 24 29 31 27 47 31 48 53 29 51 38 3 53 65 54 24 68 54 58 18 
29 23 246 17 36 33 23 32 54 19 47 48 24 57 42 18 47 71 61 35 68 52 60 14 
27 17 0 10 24 19 35 42 42 13 47 58 44 42 47 14 58 71 51 22 61 71 60 8 
27 9 253 0 27 28 28 30 56 26 47 59 29 48 34 30 62 61 68 17 63 57 62 9 
31 21 5 17 24 21 32 31 43 30 54 47 25 55 54 9 41 66 49 26 69 61 63 10 
24 25 0 8 26 29 20 32 52 25 45 49 30 62 46 6 61 66 52 23 67 58 62 9 
34 9 253 8 39 24 28 31 50 15 47 49 27 57 34 14 49 68 52 28 70 59 55 8 
29 19 6 8 24 22 40 32 55 16 60 48 19 40 44 0 50 57 47 32 69 49 76 6 
28 18 255 22 35 22 27 37 54 35 43 45 38 51 38 13 51 62 47 30 64 46 57 16 
32 34 252 6 28 22 31 39 35 25 51 58 29 62 40 11 53 69 47 33 58 60 61 5 
25 22 5 11 33 25 34 32 53 24 51 55 35 49 53 12 48 45 47 30 58 57 63 0 
16 28 253 22 27 30 26 33 48 29 45 47 28 56 38 26 40 55 52 43 61 62 64 7 
24 16 3 8 37 12 23 37 42 27 51 54 28 59 37 12 51 66 54 25 58 68 66 12 
30 16 254 11 31 33 27 45 45 22 43 42 21 47 40 24 45 58 51 14 65 63 62 7 
29 23 1 17 24 29 38 30 43 27 44 45 23 47 39 12 49 54 61 32 60 53 63 13 
27 36 8 8 35 27 41 25 48 23 52 59 20 51 40 6 55 69 51 31 57 56 76 16 
29 23 0 8 30 23 17 38 51 24 59 40 29 49 40 9 57 69 67 26 61 50 66 18 
35 20 4 14 49 26 30 26 56 24 56 59 15 61 35 16 51 67 50 30 67 60 68 12 
26 27 255 6 30 33 24 45 46 23 49 43 25 56 33 15 57 55 48 27 64 46 69 17 
30 24 253 7 30 25 26 30 55 20 45 45 32 55 49 25 49 70 56 41 68 52 59 17 
25 23 251 13 33 32 26 37 51 14 59 46 32 52 38 6 52 59 52 37 60 65 64 13 
34 23 252 6 33 23 24 34 46 32 48 50 30 57 47 9 50 63 54 36 68 55 70 12 
33 24 15 16 24 28 38 32 44 27 53 51 34 50 29 3 39 62 52 35 66 65 72 2 
35 27 0 9 32 28 21 34 41 25 54 45 26 57 39 25 37 72 57 37 62 60 57 3 
32 24 0 14 26 21 28 45 52 34 45 39 23 60 45 24 57 64 58 30 72 59 66 9 
33 21 254 18 39 21 32 31 45 26 52 49 28 55 38 13 60 59 53 28 65 54 66 5 
29 23 3 6 29 29 28 32 43 26 51 54 30 48 33 14 47 59 60 28 63 56 59 16 
31 20 0 18 37 24 30 42 53 16 40 52 27 59 48 14 47 61 47 31 49 58 69 14 
21 21 5 20 30 23 27 37 49 28 57 61 28 55 35 14 56 60 55 25 59 68 70 1 
25 28 251 17 41 36 17 48 43 19 63 53 36 60 46 22 44 66 44 23 66 72 71 12 
24 28 254 23 34 17 34 33 56 25 45 51 22 54 37 17 58 70 56 24 60 46 69 18 
34 10 0 12 21 29 31 30 46 25 59 55 30 53 41 18 52 58 42 27 69 53 61 11 
34 15 7 15 28 26 30 38 48 23 58 56 32 63 50 8 47 63 43 30 61 49 57 7 
30 20 4 10 31 46 30 32 52 27 50 46 24 57 33 9 56 66 53 29 69 52 64 23 
28 23 250 23 24 21 31 38 45 26 61 36 17 57 49 10 51 65 52 23 67 49 74 6 
24 6 252 28 21 26 34 36 56 32 57 38 34 49 37 13 54 63 52 24 67 59 73 18 
24 11 10 13 29 25 30 33 54 9 66 56 22 63 41 16 53 64 49 26 60 54 60 13 
30 37 255 11 23 23 20 22 48 25 61 54 23 56 50 17 54 63 50 21 63 48 67 10 
32 23 0 12 26 25 26 28 48 17 56 59 39 50 35 6 50 63 61 29 63 48 69 21 
33 9 250 19 22 31 17 32 42 25 46 40 20 49 35 17 52 65 38 21 62 63 62 5 
34 21 3 12 28 27 35 39 40 23 48 40 23 64 45 9 52 56 54 30 66 53 63 15 
23 29 10 8 28 17 25 36 42 22 47 46 35 59 51 18 56 64 62 39 69 57 57 252 
21 22 252 13 26 16 28 46 51 25 45 45 29 49 43 17 56 65 58 30 65 58 72 9 
12 33 252 6 36 35 25 38 46 32 47 49 32 55 38 13 62 74 42 24 54 50 71 22 
24 26 0 18 17 16 25 27 46 31 57 58 35 55 42 22 57 66 53 32 62 48 61 15 
15 19 0 15 34 35 27 44 41 24 58 51 23 60 42 21 52 55 53 32 60 61 63 12 
26 10 4 1 20 28 31 38 55 22 48 49 24 47 38 5 49 58 55 28 52 50 59 22 
34 19 5 16 15 26 33 44 59 35 60 52 33 54 45 10 51 66 54 28 58 58 59 10 
29 23 0 22 34 21 27 40 49 30 56 45 36 62 39 17 47 70 56 31 68 66 65 6 
26 33 250 9 24 27 33 34 48 24 51 58 18 55 52 15 56 71 48 23 62 57 64 11 
27 28 7 13 27 24 38 36 50 23 60 50 27 51 44 13 53 64 51 26 64 58 61 8 
25 20 0 2 39 23 27 29 58 42 54 44 32 46 45 11 47 71 45 33 73 52 58 18 
22 23 5 10 32 17 18 28 42 24 57 48 30 44 45 13 52 65 37 29 69 53 62 7 
18 21 7 21 29 19 34 30 47 26 52 50 36 49 41 5 62 58 45 14 61 61 59 7 
27 30 2 11 22 21 31 27 46 22 53 42 18 49 43 12 42 69 45 36 60 56 68 8 
17 25 254 10 33 17 24 33 48 28 52 49 33 53 54 13 54 64 53 24 62 59 67 15 
35 16 253 2 33 35 31 34 53 20 49 47 39 55 43 11 53 63 55 32 64 50 65 15 
27 21 253 22 31 26 27 36 60 24 52 60 24 46 40 17 43 57 43 18 55 54 64 3 
32 26 245 18 33 18 36 38 48 26 49 47 34 55 42 10 43 62 48 37 56 61 64 0 
26 19 3 15 31 22 34 44 48 30 46 49 24 46 40 15 44 74 55 27 68 58 64 6 
34 31 9 1 16 24 19 42 40 33 46 42 31 60 38 12 50 54 44 37 58 56 60 20 
33 29 250 11 19 27 20 24 42 26 55 43 20 48 45 10 52 61 62 31 63 60 57 11 
25 25 15 14 32 21 25 28 44 21 53 58 27 49 41 12 51 63 55 36 51 61 73 5 
13 24 6 12 37 15 25 38 41 32 53 52 34 59 47 5 57 65 51 35 55 58 64 1 
37 22 4 11 31 30 21 37 55 24 50 46 38 41 30 10 58 62 56 38 62 59 59 14 
24 19 6 21 19 24 29 38 43 23 46 43 27 54 38 21 49 70 48 23 58 56 60 18 
32 20 5 9 24 18 15 34 37 26 55 54 26 59 45 8 52 57 60 28 64 52 63 23 
29 15 12 4 27 34 29 26 46 23 43 57 33 50 43 15 47 72 58 33 78 52 64 21 
29 23 2 15 27 19 19 36 49 29 49 50 33 51 41 19 51 52 54 27 61 64 63 7 
10 18 6 13 29 31 24 32 53 24 46 48 31 63 40 22 56 60 52 16 57 53 62 6 
30 34 0 13 23 36 34 49 46 22 60 58 30 60 43 5 50 62 48 36 59 58 63 11 
32 31 3 28 39 21 22 30 46 32 47 44 17 59 44 10 45 67 50 32 60 49 60 17 
32 22 6 13 27 34 15 36 35 21 59 46 28 57 41 10 53 61 50 39 69 52 63 17 
27 19 6 15 28 20 41 41 48 24 51 52 24 63 40 11 44 64 49 27 62 62 60 10 
28 26 0 0 20 16 34 37 45 26 56 51 29 43 40 11 55 72 70 28 68 56 67 27 
17 9 254 13 30 9 37 35 50 29 61 61 23 55 51 7 56 73 46 32 59 57 52 9 
22 12 0 17 24 17 23 46 47 19 49 46 32 57 44 14 45 59 52 24 55 55 68 7 
26 21 250 13 38 30 34 35 58 31 39 62 34 69 38 5 51 50 62 51 64 60 69 17 
31 19 3 7 44 24 22 42 54 28 57 51 35 57 40 18 52 64 52 24 61 58 59 21 
25 18 6 20 29 18 26 41 54 26 50 51 33 56 36 6 46 61 54 36 60 55 74 11 
32 28 0 4 19 33 31 36 49 19 51 57 29 52 47 21 60 76 55 28 59 62 52 11 
25 18 0 14 25 24 19 23 46 31 55 50 28 47 50 11 51 62 55 31 66 51 57 12 
24 21 0 7 36 17 28 47 49 27 59 57 30 53 38 12 61 59 55 23 55 66 71 4 
28 15 12 12 32 39 29 30 57 23 48 47 20 56 57 10 47 62 49 26 70 65 59 4 
28 23 0 10 35 27 12 38 56 15 58 43 39 58 47 14 50 64 53 34 61 48 68 12 
11 20 249 8 33 23 30 31 60 19 53 38 27 62 42 1 54 65 54 31 59 52 69 20 
22 20 253 11 37 20 26 45 46 17 40 58 24 55 40 18 55 64 60 34 67 50 67 14 
30 20 2 0 25 23 31 39 46 20 52 55 38 63 43 15 55 67 44 31 66 61 58 13 
26 35 2 9 34 34 28 37 47 24 49 43 25 50 39 11 62 66 51 35 56 59 56 12 
29 25 248 17 36 19 28 21 48 24 48 54 19 53 43 1 57 71 56 30 56 48 61 15 
26 28 14 16 28 20 32 44 49 26 50 38 26 55 46 11 43 62 59 25 51 52 61 4 
28 11 253 16 32 27 31 34 46 35 52 51 39 47 43 13 54 69 55 18 59 64 65 15 
24 21 1 24 22 25 29 35 53 21 59 64 25 47 46 16 48 59 51 21 59 72 63 6 
15 13 255 11 11 17 22 36 43 28 44 54 35 49 45 17 46 59 57 35 65 66 56 4 
30 19 3 1 33 30 26 42 45 13 56 47 18 61 47 19 57 64 61 38 60 56 71 11 
24 24 0 29 30 32 25 31 47 19 52 40 25 49 45 16 52 65 55 38 60 66 68 5 
37 19 253 5 25 29 17 32 52 32 57 52 31 46 48 15 46 66 51 34 56 51 69 14 
18 20 7 15 30 22 35 32 52 25 59 39 26 56 44 6 43 61 58 24 54 57 61 18 
23 29 3 12 39 22 20 35 53 22 54 46 38 44 38 15 38 74 49 30 73 64 68 16 
26 23 2 9 27 35 22 31 45 22 53 52 26 44 39 10 37 65 54 26 63 49 62 27 
23 26 253 14 30 35 18 37 47 27 53 42 34 55 52 5 51 61 49 43 54 60 63 7 
32 20 0 4 30 19 39 43 53 21 61 49 35 53 50 8 33 62 51 29 65 53 57 4 
31 26 8 8 40 26 15 34 52 25 58 42 41 45 41 8 52 67 49 26 60 50 61 13 
32 8 7 23 28 20 32 28 44 28 55 57 19 52 52 13 48 72 44 21 62 56 59 11 
24 23 253 2 42 19 40 44 48 8 52 46 33 52 38 5 57 68 51 31 53 60 65 21 
27 25 255 12 29 27 30 37 50 33 59 49 34 53 36 10 60 60 46 36 60 67 64 7 
27 29 249 12 23 27 24 40 39 25 54 53 27 49 37 0 55 73 46 28 56 52 60 7 
32 31 247 14 29 14 29 20 38 19 43 47 26 49 38 8 53 58 53 41 62 64 52 9 
23 20 3 22 29 22 25 41 40 27 44 51 36 50 36 17 50 62 54 31 68 56 55 16 
27 20 8 19 33 26 26 29 54 21 53 35 41 45 42 7 58 52 60 34 64 59 67 3 
40 14 7 8 29 28 28 27 56 26 57 51 24 47 46 15 64 61 58 22 63 50 67 14 
23 28 0 11 30 22 19 40 54 22 59 55 34 46 49 13 56 67 53 24 66 65 60 8 
11 20 7 10 26 24 30 30 50 24 54 49 21 54 47 20 54 64 53 29 62 63 57 14 
28 17 2 10 29 25 28 47 57 29 43 49 30 51 37 16 53 58 45 29 64 59 61 4 
32 34 2 7 30 17 40 39 43 32 54 56 22 41 33 14 53 58 61 27 68 59 62 17 
19 26 9 9 33 17 21 32 45 28 54 46 23 56 38 18 59 73 53 16 57 50 72 11 
22 12 0 11 33 32 25 36 54 31 54 45 31 55 47 15 52 50 53 28 66 60 62 17 
18 31 6 16 25 26 29 44 46 27 57 49 33 52 38 7 55 62 61 31 57 56 61 16 
22 29 254 17 28 21 32 36 58 27 39 57 32 63 39 12 58 51 50 25 53 63 72 17 
20 28 8 6 25 22 20 40 51 26 55 62 33 49 45 7 56 63 58 25 66 53 52 12 
35 8 250 17 23 26 42 32 57 17 58 48 22 46 37 23 55 57 48 33 58 58 63 14 
25 14 255 5 21 31 32 36 49 23 42 50 29 54 50 3 51 66 47 22 63 50 59 3 
27 15 1 12 32 18 23 38 40 22 49 41 34 64 51 15 48 66 46 28 62 48 60 22 
26 25 253 10 24 8 41 41 57 17 53 52 35 60 40 11 55 60 51 28 74 66 48 15 
19 22 254 4 23 20 25 37 54 28 51 55 33 62 51 15 44 72 55 26 68 60 59 16 
23 19 253 14 29 26 30 35 50 20 59 43 32 58 44 14 52 50 53 26 64 54 67 13 
26 14 252 26 33 25 27 36 49 27 50 55 25 57 50 12 49 68 58 26 68 58 59 3 
32 21 1 5 26 24 29 46 44 30 59 48 15 57 45 10 58 76 61 23 61 58 63 5 
15 29 11 8 16 21 27 34 50 19 59 53 31 47 51 6 49 69 53 26 73 56 62 3 
26 24 12 13 30 22 26 34 52 16 49 46 28 55 37 1 40 56 51 23 70 59 66 16 
23 23 7 14 33 31 33 41 49 22 54 52 24 52 44 13 50 62 60 38 63 48 71 11 
33 23 1 13 39 26 33 35 50 31 54 51 28 49 41 15 41 71 51 12 52 52 63 8 
26 12 248 5 29 24 37 44 50 29 43 43 29 42 49 3 40 77 58 27 63 62 58 8 
30 20 3 12 27 21 36 24 47 28 54 59 23 61 38 14 51 64 47 28 64 50 55 20 
32 22 23 13 24 35 27 32 52 23 54 52 27 59 51 6 48 71 46 29 57 60 63 19 
34 12 9 17 25 24 28 33 46 25 53 41 20 52 44 0 46 59 47 28 64 49 60 14 
22 28 9 16 27 24 26 33 54 20 50 44 30 57 43 8 47 63 46 27 72 58 70 13 
32 23 253 14 20 25 30 36 54 29 44 45 27 60 39 8 51 72 57 27 56 56 64 13 
25 27 11 18 31 28 21 47 44 29 58 52 21 51 35 7 48 62 58 26 48 52 58 10 
24 19 2 3 16 17 37 32 49 24 60 49 38 67 43 9 43 70 52 25 60 63 54 17 
29 13 7 255 39 24 23 32 42 28 44 39 36 55 31 5 46 66 42 24 55 47 64 10 
34 28 3 20 24 31 22 33 48 27 58 57 27 59 43 17 57 57 52 37 57 58 76 254 
24 14 255 0 21 20 28 37 43 26 57 62 18 55 48 17 43 66 56 19 62 67 65 17 
25 25 6 23 27 30 26 33 44 15 51 55 28 59 44 14 48 62 55 20 72 57 65 18 
19 26 255 2 32 15 22 43 56 26 53 50 39 53 42 9 50 54 59 18 61 55 56 12 
22 33 250 27 32 31 32 25 32 21 58 42 28 47 45 13 54 79 52 33 54 64 50 17 
12 26 13 17 36 16 31 35 48 17 49 51 29 51 51 9 50 62 50 26 71 54 69 17 
36 10 5 7 28 18 25 37 59 25 58 48 35 51 45 14 52 60 59 24 58 65 58 6 
29 18 250 11 24 32 26 27 56 19 63 50 24 60 48 23 65 60 59 22 63 59 67 13 
30 20 2 4 36 23 32 42 45 20 55 51 18 51 40 6 51 74 48 32 57 56 55 8 
30 25 9 8 26 19 35 39 51 22 57 53 32 62 35 5 38 69 53 30 63 56 59 5 
22 19 255 16 24 26 39 35 47 32 52 59 29 64 53 9 54 62 48 32 63 50 68 23 
32 29 5 7 35 15 22 36 47 22 51 47 34 52 43 14 48 61 54 28 55 52 53 10 
22 23 249 14 26 20 31 28 48 16 51 43 32 56 39 15 46 58 54 31 55 52 65 19 
25 22 0 3 20 18 18 31 53 31 59 42 34 48 41 13 40 58 55 20 61 47 56 9 
26 14 3 16 35 25 21 42 37 30 51 54 30 54 34 18 44 65 59 44 69 54 52 2 
22 38 3 5 32 37 27 38 39 23 48 58 29 61 40 14 50 65 66 30 58 60 66 10 
34 18 255 9 25 25 15 31 50 23 48 56 37 51 51 253 55 70 50 23 65 66 71 12 
30 20 14 13 40 22 25 31 41 28 54 46 27 53 44 22 56 71 42 35 51 62 67 2 
32 18 246 11 22 29 31 41 49 27 57 49 27 44 39 10 44 68 52 28 65 52 61 16 
29 15 0 6 35 18 38 25 42 31 57 53 26 57 41 16 56 68 47 30 67 58 72 10 
26 29 1 11 27 24 27 31 52 19 49 44 29 51 56 13 45 56 50 36 61 56 59 8 
24 17 2 10 30 25 21 39 48 25 52 46 29 47 41 22 54 59 50 13 58 60 67 24 
27 24 2 14 27 27 29 44 45 26 45 58 24 64 40 14 56 68 52 20 72 62 73 7 
23 23 6 11 35 20 31 28 46 28 59 57 31 42 27 18 59 62 46 32 56 48 65 17 
24 35 2 5 23 28 27 30 48 31 53 50 25 63 45 254 53 80 57 27 67 55 59 4 
21 26 252 10 40 32 29 44 50 22 51 45 27 52 36 14 57 67 55 33 55 58 60 9 
31 15 248 19 35 21 29 38 49 24 47 57 22 54 40 6 44 70 44 30 64 52 65 20 
28 23 3 20 22 28 25 23 49 21 49 56 29 49 38 17 50 74 60 25 54 47 62 1 
26 24 255 9 18 25 19 27 45 27 40 50 28 62 34 4 53 50 56 34 61 54 63 11 
27 17 4 13 30 21 32 27 53 26 56 49 31 53 33 7 51 56 53 25 64 56 64 5 
24 20 0 0 39 33 35 31 59 24 51 58 21 54 41 8 55 59 44 42 58 57 59 11 
21 30 254 18 28 25 34 30 43 24 58 60 32 53 38 20 51 63 52 38 70 55 68 13 
37 14 0 8 30 25 24 41 52 34 46 51 26 52 45 8 50 56 41 24 53 57 61 8 
34 26 3 18 27 24 25 35 46 28 54 52 23 54 47 11 48 57 60 25 49 54 62 16 
23 21 253 12 27 21 26 33 45 33 62 51 30 41 45 15 56 64 59 31 63 50 54 21 
27 32 10 8 27 28 29 26 38 24 53 48 30 55 46 15 53 54 45 9 68 49 70 8 
22 13 8 6 38 23 26 27 49 28 62 53 26 61 39 1 50 60 53 30 70 48 53 6 
26 18 254 16 44 24 27 35 50 23 42 46 33 55 42 14 51 67 57 32 61 48 65 14 
26 22 5 16 32 23 39 36 47 26 46 38 26 47 36 15 42 60 48 21 67 51 64 12 
25 15 13 12 30 23 30 32 50 18 55 48 24 51 44 10 47 65 36 28 72 55 63 17 
21 28 0 9 25 23 35 40 53 13 47 57 24 61 48 9 51 64 56 32 66 60 59 7 
32 19 7 3 28 25 25 39 49 22 48 45 30 54 30 13 51 56 64 30 60 49 66 2 
26 15 10 19 32 17 40 29 49 36 41 42 24 49 40 12 41 50 47 30 60 47 67 4 
35 22 251 19 35 20 34 39 45 20 49 44 31 58 34 17 38 71 51 26 57 53 63 8 
25 28 3 17 22 31 29 21 47 24 49 55 31 43 45 5 56 66 44 38 62 61 65 15 
29 17 254 14 33 29 31 30 49 20 52 53 29 59 32 20 50 61 52 34 66 57 61 9 
34 29 2 14 32 27 38 40 43 36 63 53 22 52 38 15 65 62 43 38 55 51 74 10 
32 17 249 17 43 21 36 39 57 30 42 50 33 49 43 11 57 65 44 31 56 54 61 15 
30 15 0 6 29 20 35 40 44 19 52 52 21 61 40 10 42 67 56 27 55 54 66 6 
34 20 6 8 31 15 24 26 33 29 43 42 31 67 42 248 47 65 51 29 68 63 63 9 
26 26 245 11 30 31 21 40 56 20 46 59 37 57 36 255 50 69 51 32 64 77 60 10 
35 18 254 12 24 19 36 36 53 26 60 55 32 62 40 8 60 59 45 24 62 63 68 15 
32 22 254 4 22 20 31 31 46 23 50 59 21 49 34 9 38 62 55 25 72 56 64 18 
25 15 3 12 24 17 28 37 60 10 48 55 30 49 44 8 59 72 60 30 61 65 66 4 
43 23 3 8 20 23 31 37 43 27 48 53 21 62 35 11 54 59 45 16 69 51 61 12 
24 14 0 10 22 25 27 32 57 25 47 48 37 62 37 11 50 59 44 29 76 57 64 9 
25 14 255 19 28 25 18 35 42 20 51 56 26 43 39 14 41 64 53 27 64 58 64 11 
41 21 7 10 33 18 39 34 44 30 47 45 26 56 39 6 46 59 47 28 69 44 69 6 
36 20 2 8 27 24 32 29 40 27 43 45 35 54 31 4 55 63 49 37 77 46 51 13 
29 20 3 6 31 23 30 41 45 15 46 58 31 55 30 11 59 67 51 32 62 51 66 18 
29 20 4 14 32 33 29 39 43 21 49 50 25 51 47 16 47 60 41 16 63 55 55 8 
42 22 2 12 20 16 28 31 47 28 50 52 30 47 28 15 49 54 42 28 62 61 51 6 
26 18 0 12 26 26 23 37 53 32 67 42 34 56 43 13 45 63 51 36 57 60 63 18 
24 18 252 4 39 26 29 33 55 24 55 56 26 56 46 16 71 70 55 23 65 58 62 6 
41 25 252 9 35 26 41 33 33 18 55 52 27 59 37 12 46 56 48 21 53 54 63 6 
33 15 247 11 19 14 22 37 42 20 52 54 28 55 42 13 47 61 50 26 65 55 67 9 
24 22 4 5 32 15 27 41 41 26 38 48 35 60 41 17 57 63 49 31 60 60 60 12 
29 19 249 10 25 32 25 37 56 25 52 54 25 58 38 0 51 55 55 21 62 63 63 15 
37 15 1 7 32 33 25 33 53 20 66 48 30 50 38 16 47 59 55 23 70 50 61 13 
19 23 254 25 27 27 29 50 56 21 39 46 20 53 41 5 53 56 56 38 60 59 59 17 
26 16 251 12 25 18 39 37 38 29 66 50 40 51 40 19 41 62 51 30 69 56 63 7 
39 19 6 11 25 29 26 30 57 29 49 46 28 55 43 18 57 61 48 22 56 64 74 5 
21 34 252 7 45 23 26 34 45 28 53 51 25 51 39 11 54 64 56 39 61 66 63 9 
32 23 13 14 28 23 23 28 40 26 61 55 23 58 48 11 60 55 49 31 59 54 75 10 
37 22 12 10 29 20 30 36 38 32 57 56 26 53 40 5 49 66 47 27 58 49 60 9 
25 10 249 10 30 21 29 35 51 31 49 56 22 59 43 26 45 74 59 29 72 59 64 12 
17 28 3 12 32 22 21 39 44 26 46 53 19 57 38 27 50 79 49 32 64 43 61 10 
28 21 250 16 23 39 33 38 46 24 52 47 31 50 45 6 47 60 49 30 63 60 56 15 
34 19 4 9 37 26 30 19 43 16 58 43 36 49 35 14 46 64 56 22 58 57 59 15 
21 22 252 5 29 25 34 38 51 44 60 40 36 48 50 16 50 60 58 28 70 66 68 5 
29 28 4 21 20 20 31 44 43 25 47 51 30 66 39 9 49 61 52 41 67 52 63 9 
18 21 0 13 23 21 27 28 51 14 53 45 21 55 44 22 60 72 48 31 69 41 70 7 
24 30 2 21 24 42 37 33 44 20 49 45 22 49 47 13 48 70 50 24 56 58 64 9 
24 24 0 19 35 22 28 40 51 27 57 51 36 53 40 10 55 56 59 37 63 54 78 12 
20 29 6 6 38 26 33 35 39 24 47 53 30 52 40 25 48 64 49 31 53 52 68 18 
25 15 5 12 33 16 35 32 53 30 57 61 28 48 42 24 49 64 51 27 68 54 56 20 
26 17 251 255 25 16 32 30 51 15 58 51 15 65 34 16 51 65 47 28 55 58 67 15 
24 25 3 21 34 40 35 40 55 36 49 44 15 62 43 16 49 54 48 24 61 50 67 13 
25 33 6 12 35 32 31 38 57 26 50 54 31 40 40 10 54 65 50 35 62 52 71 15 
23 31 255 0 37 21 31 38 63 28 56 60 39 63 41 9 47 69 51 37 70 57 69 20 
25 17 9 8 29 27 32 35 33 21 47 51 25 57 40 21 54 71 53 26 60 50 67 9 
32 19 8 10 27 21 27 40 55 23 47 51 25 41 41 3 43 65 45 33 55 55 58 16 
33 20 2 10 29 32 40 35 46 29 39 50 32 63 40 13 53 63 55 39 66 52 62 11 
28 24 7 12 32 26 26 32 61 27 49 57 31 49 36 15 50 70 47 28 61 55 71 17 
27 22 10 15 26 32 33 38 44 17 56 36 26 56 46 6 57 63 49 25 55 49 64 15 
26 23 7 6 21 12 19 30 41 20 53 54 31 64 50 8 57 73 52 30 69 53 68 17 
27 25 1 14 31 11 23 23 46 27 39 51 21 61 49 3 47 61 53 20 65 57 66 15 
25 27 9 8 42 26 38 38 50 22 55 54 47 51 46 18 57 60 49 35 63 57 54 21 
29 17 5 9 22 23 27 47 49 28 46 50 22 54 44 14 54 56 53 25 60 57 60 10 
30 17 253 10 40 32 34 22 47 24 59 44 28 53 38 11 49 64 49 36 62 49 71 12 
35 15 255 2 23 33 31 38 55 29 56 51 29 48 44 15 57 65 43 26 61 58 62 6 
31 16 3 4 27 15 20 43 54 33 50 46 19 55 27 11 44 67 64 26 55 57 50 29 
35 35 1 2 28 20 28 37 58 24 49 53 24 54 43 22 57 56 62 38 65 57 67 6 
35 23 253 7 35 29 26 27 45 20 49 39 37 61 45 11 57 59 53 26 64 49 64 22 
27 18 250 9 26 20 22 27 43 17 53 58 31 58 49 10 57 67 53 33 53 64 64 6 
21 19 0 3 40 28 35 50 41 31 57 40 23 54 50 6 42 61 45 29 68 54 65 22 
33 21 254 6 39 26 26 23 53 27 56 46 15 53 43 254 61 63 50 26 62 60 64 16 
28 24 8 18 32 22 18 28 51 23 50 53 25 56 46 3 48 62 45 29 54 43 62 13 
20 23 246 20 36 20 35 27 53 26 59 45 27 66 47 14 48 62 58 32 57 58 64 17 
19 19 252 11 36 20 31 28 40 22 65 41 36 54 39 9 60 60 65 35 60 64 60 14 
24 29 252 15 32 19 29 35 47 20 53 51 20 54 59 13 48 70 53 23 57 67 62 16 
25 27 247 17 27 20 24 43 43 20 62 54 21 40 38 16 51 70 44 20 72 48 71 12 
27 19 251 10 22 15 32 34 36 26 56 52 30 52 43 15 53 58 41 29 68 58 64 15 
24 20 250 17 31 19 25 34 43 21 65 57 34 60 46 9 49 60 67 27 58 51 61 4 
30 24 245 17 20 22 41 40 47 24 48 52 23 69 49 15 47 59 57 34 59 56 60 7 
6 23 3 17 21 18 32 40 55 19 58 58 35 54 52 11 53 59 41 38 72 56 68 3 
40 28 252 8 23 31 31 45 50 29 66 54 30 41 38 15 45 58 46 31 60 64 70 15 
23 20 253 20 32 17 38 35 42 29 56 52 34 56 35 5 55 66 51 26 65 66 61 7 
31 19 4 17 22 12 33 40 53 25 55 50 29 51 50 16 45 70 53 32 68 59 65 15 
23 25 0 3 34 24 21 32 44 26 56 44 27 58 39 15 56 52 55 21 57 53 60 7 
19 17 8 13 28 34 37 29 59 30 56 43 26 60 47 11 57 59 51 28 58 52 60 6 
19 17 6 7 25 13 18 46 44 17 54 44 22 54 33 13 49 62 53 41 67 53 49 12 
17 24 246 14 31 32 24 39 50 28 54 54 37 57 38 5 51 54 58 28 59 45 51 15 
18 25 9 9 31 37 32 34 56 30 48 51 25 63 45 20 59 60 47 41 53 57 68 11 
23 12 16 7 25 11 24 35 49 27 46 38 16 58 37 11 53 59 38 28 72 62 60 23 
32 34 1 5 33 15 21 27 46 30 59 48 27 52 47 4 48 68 48 24 59 58 67 19 
16 26 254 21 24 23 25 35 44 30 54 40 25 56 34 13 53 64 48 33 64 65 67 15 
21 20 1 6 31 28 35 43 42 22 53 47 28 62 47 15 54 66 59 26 60 61 63 5 
25 22 5 12 29 31 29 38 60 26 52 43 40 49 46 10 54 66 47 25 67 56 66 12 
23 28 252 18 25 29 34 34 50 22 44 51 24 53 38 19 50 63 52 33 56 51 56 8 
24 18 3 17 26 27 34 34 51 20 46 41 29 52 47 10 44 61 60 43 63 61 58 14 
18 23 243 4 31 18 28 33 37 22 46 41 19 64 41 14 55 66 47 28 63 59 60 20 
32 34 0 19 33 20 19 42 57 26 44 34 30 46 36 2 44 66 44 19 72 53 62 19 
23 26 0 18 33 22 39 28 58 26 56 64 28 50 43 11 53 74 51 31 62 59 71 20 
34 28 253 1 31 24 44 34 52 32 51 42 40 49 48 10 31 68 45 27 67 52 53 8 
24 17 5 16 28 22 27 34 51 43 45 49 21 49 35 0 56 51 61 30 71 45 62 22 
21 12 2 21 24 26 34 37 42 25 61 49 27 57 48 9 42 71 56 24 61 63 58 6 
24 24 250 19 39 16 38 35 48 31 56 48 23 56 38 22 46 73 50 33 56 61 61 10 
26 23 7 15 29 28 24 39 50 10 57 61 32 65 45 8 55 59 50 28 71 59 59 2 
27 15 8 28 17 24 25 34 48 28 49 53 31 56 43 16 45 50 47 31 74 51 63 14 
34 32 0 12 23 15 23 33 52 23 53 49 30 51 44 27 61 76 61 31 55 59 66 13 
28 26 11 16 33 31 32 40 52 35 55 50 30 57 43 12 47 64 55 33 66 44 57 11 
21 19 4 19 37 16 31 41 49 17 53 60 30 52 42 15 46 64 47 26 57 54 67 12 
34 15 255 5 31 23 19 29 47 16 59 50 21 51 37 10 50 66 49 30 53 58 64 23 
25 20 3 9 18 23 21 39 53 13 47 50 30 57 41 10 47 74 46 25 66 59 71 21 
21 28 1 12 16 38 39 41 51 22 67 62 21 57 40 5 49 60 50 28 55 47 66 11 
24 21 7 17 28 26 20 34 50 24 53 50 26 54 34 5 42 71 56 28 55 57 70 14 
36 9 7 1 22 33 28 40 56 28 61 48 23 61 41 20 61 70 50 22 64 54 56 12 
24 26 252 10 28 27 22 29 53 36 54 48 23 60 32 20 54 79 49 36 69 58 75 12 
13 28 251 17 38 25 26 39 47 17 44 46 24 66 41 15 60 64 64 30 63 62 59 9 
31 28 250 8 20 21 38 34 55 22 61 52 30 48 51 12 56 54 54 21 55 56 55 15 
33 20 254 17 29 17 26 33 40 21 61 38 21 58 34 7 51 72 49 34 61 53 61 27 
25 24 7 17 26 19 33 39 46 15 42 46 31 51 49 6 50 63 61 27 62 61 58 25 
30 20 0 19 40 22 34 37 42 23 35 50 26 53 43 9 46 71 51 36 72 64 53 6 
32 20 251 16 29 17 30 40 45 21 50 42 28 61 42 13 55 53 59 36 69 58 74 4 
25 18 2 4 15 35 21 45 48 11 54 59 32 63 39 12 46 60 54 32 60 59 53 16 
30 18 3 12 22 23 37 25 44 33 56 50 31 46 49 7 45 61 54 35 69 56 58 13 
33 25 8 17 29 33 18 32 45 32 57 56 29 48 38 13 51 55 59 39 66 64 63 11 
26 17 254 9 31 24 23 46 32 31 50 48 25 52 45 16 59 66 52 31 61 68 66 14 
26 14 0 11 30 18 32 35 41 28 62 47 20 48 41 15 54 57 52 27 68 54 65 19 
26 14 1 23 34 22 26 37 52 16 45 51 35 58 41 4 54 63 51 34 66 58 72 0 
26 19 1 16 31 23 26 41 49 22 45 41 34 53 51 10 48 56 44 30 70 50 56 5 
22 13 9 16 31 21 34 38 53 23 51 45 31 60 44 19 56 62 66 34 61 57 66 9 
26 17 5 5 30 25 29 30 49 25 45 55 36 55 34 8 58 53 54 37 62 56 65 12 
34 26 249 22 23 28 24 36 48 26 51 46 27 42 40 25 46 69 52 31 58 56 65 7 
17 17 255 6 30 29 24 41 41 25 49 52 18 58 43 10 56 66 54 29 64 47 64 16 
27 25 254 8 34 30 36 37 40 27 55 43 34 47 46 10 46 74 52 21 71 54 66 14 
26 12 1 15 27 17 28 37 33 19 49 53 29 50 45 3 53 64 46 22 62 61 60 11 
18 13 12 18 31 19 20 38 56 23 48 43 25 54 39 16 53 60 51 29 62 39 68 9 
21 15 9 9 32 19 35 36 46 30 53 44 34 49 54 5 61 49 52 28 65 50 61 10 
30 25 0 12 28 27 29 38 51 28 50 40 32 52 46 10 58 62 56 19 71 67 66 11 
35 26 255 13 19 22 26 33 41 20 55 58 33 54 40 9 44 69 48 39 69 59 67 10 
29 22 0 24 20 32 33 29 56 33 50 53 23 48 45 16 42 58 50 37 67 57 54 14 
28 30 0 9 25 25 23 40 49 33 52 44 24 54 42 11 50 59 46 26 62 61 64 16 
29 18 246 6 29 22 29 37 52 26 51 62 13 51 32 8 59 55 54 35 69 53 61 12 
19 30 10 10 27 27 26 41 43 20 50 50 21 47 36 10 50 67 51 33 61 60 62 15 
37 28 1 23 18 26 25 30 37 38 56 52 36 60 65 9 48 58 51 23 52 53 71 2 
24 26 0 9 30 16 19 27 40 25 56 57 36 57 48 16 55 62 49 33 56 52 69 14 
27 28 247 4 29 29 21 33 43 25 58 58 24 57 38 21 49 69 43 34 60 62 61 11 
28 26 253 15 23 24 43 37 55 25 61 47 27 55 47 18 58 64 48 31 59 51 69 18 
20 22 250 5 23 27 18 37 42 35 59 44 26 53 46 13 49 68 53 25 62 51 69 13 
30 18 5 11 39 30 27 36 51 45 47 44 25 41 50 21 46 70 46 36 64 59 71 9 
33 20 6 4 29 26 29 35 58 13 54 43 14 51 27 14 51 56 49 32 55 44 53 18 
26 27 3 17 32 34 26 35 53 24 46 51 21 42 47 7 55 63 47 30 60 51 66 11 
27 14 4 14 14 27 27 28 51 34 50 55 28 46 36 18 56 78 52 23 69 52 66 15 
20 20 5 16 37 24 20 34 54 24 45 47 35 57 34 14 51 59 60 30 60 59 64 21 
15 25 2 18 35 27 16 42 48 27 53 50 33 56 39 19 49 56 47 23 55 58 69 19 
32 23 2 7 37 32 33 38 48 27 67 48 23 61 36 13 58 74 63 31 63 45 65 14 
14 10 254 11 31 24 29 35 52 26 52 52 28 48 42 6 59 68 45 33 62 54 57 8 
28 14 254 4 25 23 23 35 47 21 56 46 35 59 46 12 42 67 53 20 62 56 64 5 
38 31 13 6 24 26 33 40 56 24 58 53 34 58 40 21 53 68 48 22 56 65 54 15 
33 15 1 18 43 25 20 33 35 23 41 67 29 52 34 15 52 58 56 28 58 57 56 3 
26 12 255 254 29 28 18 34 49 20 50 46 22 43 47 4 62 69 49 22 74 60 59 15 
29 30 0 11 43 26 20 25 52 29 58 51 31 55 33 11 51 70 53 21 70 48 66 11 
35 13 3 19 34 20 37 46 49 25 49 39 35 54 39 19 44 67 66 33 67 47 57 11 
30 30 3 8 28 24 27 38 42 19 58 54 32 47 44 11 53 62 60 31 78 59 68 15 
27 16 4 12 29 32 28 44 48 25 51 47 33 62 46 10 43 55 62 35 59 59 57 11 
25 15 249 6 22 27 26 30 42 29 58 50 27 61 38 10 46 58 65 30 50 56 70 20 
37 19 0 11 30 23 30 46 52 25 52 36 25 61 38 6 58 69 52 27 72 47 66 19 
31 28 1 17 40 34 24 34 60 26 56 43 21 62 35 7 65 53 64 29 68 59 61 3 
26 26 2 0 29 22 27 34 48 33 53 55 33 57 49 13 46 55 67 27 67 61 67 11 
29 24 251 4 40 9 35 30 48 28 47 47 20 50 40 14 50 65 56 27 64 50 58 5 
26 28 8 5 29 21 21 35 55 29 56 51 27 46 50 1 61 58 41 31 58 50 60 255 
30 23 5 10 35 18 30 27 55 24 47 42 27 49 41 10 51 58 55 32 58 53 68 9 
7 14 245 16 22 15 25 37 43 14 43 57 38 45 41 5 56 66 52 35 54 48 68 4 
38 19 252 9 26 21 23 36 41 17 50 40 25 54 39 11 46 75 54 33 66 61 65 7 
30 18 252 15 23 32 31 44 43 21 56 55 33 56 35 13 37 55 50 22 67 55 66 3 
27 35 0 11 25 22 36 27 59 33 57 58 30 49 34 15 43 73 56 27 50 59 64 9 
29 9 0 17 43 27 37 45 46 31 64 54 28 51 40 20 50 66 47 30 64 55 63 255 
24 31 3 26 31 17 20 37 40 9 49 43 20 50 53 7 52 51 53 36 65 59 75 15 
28 19 4 19 21 21 34 31 52 20 58 41 37 64 37 15 52 57 54 31 62 56 56 17 
35 22 10 10 37 20 33 36 47 24 59 43 20 48 51 16 52 65 55 26 61 52 79 13 
23 28 6 0 28 39 29 36 45 34 60 50 25 54 38 19 46 73 40 27 58 50 53 6 
29 23 3 13 29 31 33 37 46 24 38 49 21 53 48 23 51 68 56 32 63 60 67 5 
24 27 7 7 23 27 29 39 59 31 64 52 33 49 37 16 46 68 48 40 70 60 55 252 
30 16 250 0 29 15 25 30 49 30 56 51 28 54 43 18 54 60 48 28 70 48 73 14 
23 23 0 16 35 13 36 34 54 29 62 52 34 55 41 10 50 66 62 23 57 53 62 6 
23 29 255 17 15 25 34 34 49 24 51 50 31 49 52 10 40 72 57 20 61 48 66 4 
25 23 6 3 24 23 26 44 51 26 55 43 33 54 36 12 56 59 53 23 64 55 63 3 
23 28 6 9 41 24 15 28 41 17 53 50 43 54 43 6 47 60 56 27 59 58 53 11 
29 16 7 12 31 17 28 30 32 33 46 43 28 55 30 11 39 55 54 36 60 50 76 18 
26 14 247 8 30 32 27 34 56 20 57 44 29 52 45 7 53 58 42 36 61 56 63 11 
27 19 248 13 39 19 31 30 62 28 44 57 32 49 44 21 49 57 52 32 54 47 63 6 
