255 31 29 76 4 43 24 62 46 40 15 39 2 53 255 15 53 39 54 8 37 
11 16 24 68 249 41 26 53 50 37 23 40 4 57 6 13 40 39 56 17 27 
0 22 26 66 1 44 38 49 37 44 12 44 7 47 248 9 44 34 70 10 35 
2 23 24 53 10 43 37 57 50 36 21 42 7 54 6 15 48 39 60 19 30 
4 16 34 49 254 42 21 48 54 47 10 52 4 60 2 7 43 24 63 5 33 
6 20 24 59 5 55 38 48 46 36 12 38 2 62 7 4 60 23 71 15 37 
0 13 26 61 242 48 30 56 49 43 20 48 8 59 2 7 55 33 65 12 31 
2 21 39 58 0 50 17 54 57 54 12 41 14 64 247 4 54 41 58 16 30 
2 19 15 64 254 53 44 50 47 42 19 28 8 37 6 2 59 41 59 5 37 
10 19 24 62 5 44 34 49 47 43 29 46 8 55 254 10 50 35 63 9 34 
0 17 25 68 0 37 35 56 43 42 11 44 5 53 11 11 39 42 61 16 35 
255 12 18 62 253 52 37 47 51 37 17 39 9 52 0 15 40 25 67 18 28 
4 21 31 62 5 49 39 56 47 48 17 46 8 66 247 16 37 35 56 11 26 
3 19 18 61 0 44 32 59 43 51 14 37 2 62 0 17 41 24 58 14 35 
252 21 25 54 252 44 40 44 55 40 18 50 7 58 251 17 51 24 67 9 26 
11 10 33 58 255 48 35 44 42 50 23 36 11 59 251 19 56 24 64 15 32 
3 25 36 56 246 45 42 53 45 45 22 41 2 46 6 19 51 41 65 20 31 
249 12 38 63 5 51 42 61 35 41 0 44 7 61 246 21 49 35 56 13 22 
10 26 29 64 252 35 27 57 48 48 21 38 5 58 11 5 46 38 68 11 27 
9 25 19 65 2 47 32 62 49 41 27 43 4 59 5 15 44 37 53 10 30 
9 17 23 61 247 45 33 61 46 38 9 44 1 67 0 25 64 35 58 10 30 
253 12 30 59 254 51 29 59 45 43 18 37 8 55 8 16 50 35 64 12 31 
1 15 23 66 6 50 23 45 59 44 18 35 9 52 16 23 51 38 59 11 35 
0 27 9 81 253 44 30 56 40 48 23 40 11 59 12 15 49 23 73 2 38 
6 30 24 57 254 50 32 59 53 46 24 38 15 47 1 0 42 30 75 14 37 
255 22 24 56 4 38 36 55 47 37 11 39 0 61 252 19 50 28 72 23 35 
14 12 26 64 4 57 35 58 49 42 19 43 9 61 5 14 42 38 62 13 39 
13 18 30 60 5 43 20 56 54 46 25 39 3 61 6 17 55 28 67 10 27 
8 24 24 63 8 44 23 48 40 43 16 31 0 53 255 11 44 38 66 18 39 
9 27 30 54 247 48 33 48 46 36 16 43 9 65 10 23 43 39 71 13 40 
10 20 19 57 6 53 37 58 52 34 15 33 0 58 10 19 50 41 77 15 28 
251 22 26 62 8 41 37 55 41 47 27 44 14 57 0 16 58 38 68 14 31 
4 13 30 75 7 45 43 59 46 46 20 39 247 57 5 17 40 36 62 17 32 
0 11 24 63 2 43 33 50 59 42 18 37 10 60 5 24 48 29 58 17 33 
3 17 27 57 5 46 35 51 53 42 10 38 11 57 15 10 55 36 67 10 34 
0 22 21 59 2 42 27 52 52 40 16 38 7 55 250 9 54 29 72 6 30 
2 23 27 74 0 43 21 59 58 23 14 37 6 56 5 10 46 30 61 17 33 
3 16 27 58 12 42 37 50 49 45 16 51 3 62 12 15 53 35 69 16 30 
5 17 22 65 0 41 38 52 46 47 15 27 17 66 5 22 42 35 68 13 30 
1 17 24 56 251 43 28 54 55 43 17 45 4 62 1 11 36 40 55 10 26 
4 20 27 65 7 51 45 67 49 48 14 41 8 57 0 15 48 33 64 7 38 
15 10 34 52 1 52 38 63 48 40 15 40 11 73 2 15 49 28 57 6 19 
5 26 37 64 4 43 32 54 50 48 19 42 12 63 5 3 52 36 62 4 35 
7 21 27 54 254 41 44 52 46 43 14 36 6 58 3 17 39 37 68 16 37 
12 27 17 58 0 42 32 56 63 38 21 39 10 59 4 15 50 37 58 5 27 
0 22 25 67 5 47 33 48 45 47 27 47 1 51 2 14 45 29 59 20 29 
0 23 31 44 1 45 25 53 46 37 12 49 20 69 15 16 45 34 72 17 36 
249 16 25 60 2 44 23 58 54 49 8 36 14 59 10 18 52 30 59 15 30 
1 20 25 58 7 56 41 56 38 47 17 33 15 60 0 9 42 35 62 10 38 
10 20 22 66 2 36 22 56 51 49 22 42 249 56 6 9 40 37 56 15 42 
0 23 27 65 247 45 28 58 52 46 17 51 14 63 9 12 44 25 72 15 36 
8 13 21 64 0 32 30 62 43 43 17 41 9 64 2 13 48 29 67 17 31 
253 15 36 62 0 44 31 57 59 51 24 38 10 48 4 19 51 32 53 9 36 
252 16 33 59 247 50 30 53 46 41 19 38 15 57 251 14 46 34 53 18 23 
8 24 25 66 4 43 31 57 50 48 25 41 7 55 8 14 45 35 61 14 31 
253 8 35 68 0 44 34 61 40 44 13 40 13 64 7 6 46 32 60 15 27 
253 20 26 57 4 49 31 53 56 40 26 51 8 61 249 16 45 38 65 9 24 
11 26 27 57 3 49 31 56 45 41 26 35 2 56 3 11 56 43 54 13 25 
6 18 19 61 2 44 28 57 41 38 9 52 13 53 9 16 62 29 63 4 33 
255 25 23 64 4 48 32 53 45 45 34 38 6 65 3 14 50 31 58 10 32 
1 30 30 64 252 44 25 56 45 43 11 49 11 62 255 8 52 32 63 20 24 
9 22 30 73 0 34 27 49 40 49 24 42 12 50 11 15 44 38 59 9 25 
1 24 34 62 9 52 25 54 40 48 22 25 12 61 3 19 58 31 65 7 26 
4 18 22 64 0 44 21 56 48 49 24 49 7 59 0 25 63 32 66 7 39 
7 12 20 63 1 44 34 55 39 42 20 45 6 48 16 22 39 38 62 17 36 
11 26 10 64 1 39 39 47 40 51 20 55 13 71 8 14 63 34 66 29 35 
12 9 30 51 251 53 35 53 50 51 20 42 4 64 1 16 43 28 54 19 29 
10 16 35 55 252 46 30 60 50 43 11 40 6 60 9 5 46 35 67 15 25 
4 25 33 64 4 43 35 50 43 43 30 41 6 58 4 16 55 29 67 5 29 
8 15 33 59 7 44 43 59 46 47 11 42 5 46 1 7 51 32 57 5 27 
8 11 26 71 7 48 41 54 50 49 14 33 255 64 13 8 54 29 70 7 27 
0 30 29 66 10 44 27 50 51 42 28 42 8 68 5 15 54 36 61 13 40 
18 17 21 61 15 35 25 68 57 47 12 34 2 59 249 13 57 34 75 6 28 
3 18 33 64 0 44 42 56 48 43 16 31 11 68 0 22 40 35 62 19 17 
3 20 24 54 0 51 33 48 43 43 20 44 20 55 0 11 57 28 60 17 27 
0 14 19 62 0 39 37 57 53 47 18 44 4 61 12 15 46 28 68 0 31 
20 26 21 60 4 44 27 60 38 50 22 51 24 51 9 9 53 34 62 9 30 
4 20 32 64 7 49 39 45 56 41 12 40 254 64 2 16 53 29 62 11 33 
6 18 28 59 12 55 32 52 49 39 21 43 0 59 2 7 49 29 72 16 36 
8 18 26 56 254 47 33 53 49 43 21 32 1 58 253 19 51 23 61 9 34 
5 20 23 58 255 49 34 62 49 46 27 51 7 64 1 11 57 32 59 17 31 
2 9 26 62 1 50 39 47 52 47 11 37 6 60 0 19 61 36 66 13 27 
4 13 29 56 0 46 31 42 39 41 17 37 10 57 0 2 58 41 60 16 31 
0 19 30 62 250 45 32 60 46 31 17 50 14 60 252 11 43 35 68 11 34 
3 17 29 52 1 38 39 58 52 47 27 42 251 63 10 11 46 36 69 14 42 
10 22 21 59 3 42 33 52 41 47 28 38 4 58 16 16 57 43 64 26 38 
3 25 20 68 250 54 35 47 46 39 16 30 14 59 5 10 47 36 53 18 28 
13 19 28 57 1 51 32 43 44 47 11 44 0 53 2 22 50 35 69 9 35 
10 22 21 71 8 62 37 49 45 44 22 35 10 56 8 11 43 35 57 5 33 
3 19 29 57 4 46 30 53 39 47 11 46 8 60 7 10 45 21 74 19 30 
3 24 20 58 1 44 19 46 41 48 19 32 14 48 5 10 41 26 52 8 44 
8 17 37 63 247 37 35 55 40 51 31 32 17 44 7 17 49 24 65 11 30 
8 18 31 57 4 32 32 58 39 34 23 31 3 56 7 12 54 46 64 8 29 
8 25 26 67 0 45 34 54 47 45 12 42 4 55 6 15 56 33 56 13 37 
6 25 33 73 247 54 27 49 49 45 23 33 10 54 2 10 51 43 66 15 29 
6 8 40 59 3 51 33 58 51 52 18 43 2 59 12 21 61 29 66 5 30 
247 18 30 67 7 37 33 63 52 50 27 32 4 57 2 15 44 21 72 12 34 
1 27 24 62 250 42 33 54 49 52 19 42 7 56 4 15 48 31 56 17 32 
8 26 27 65 1 51 28 50 40 25 14 42 15 50 9 15 56 26 58 5 29 
5 17 16 61 249 44 37 45 57 58 21 43 0 57 7 6 51 38 61 9 36 
3 19 38 50 5 49 33 60 50 55 10 38 10 63 5 21 61 18 65 22 28 
12 24 23 68 4 43 34 61 41 46 12 36 14 46 4 6 50 47 67 9 41 
3 20 33 65 12 45 27 51 40 39 17 50 8 67 6 18 43 39 65 11 46 
0 29 34 65 4 46 32 57 49 51 24 43 4 53 9 11 50 24 66 10 26 
248 30 26 69 2 44 32 74 49 49 19 40 11 61 255 6 50 42 61 19 36 
5 9 39 53 8 46 39 57 51 40 20 39 12 61 1 12 57 27 67 13 20 
10 26 21 56 3 42 37 60 45 31 27 40 9 61 254 21 52 33 57 11 29 
5 14 21 57 4 48 36 52 42 39 21 41 0 66 4 17 57 37 56 9 39 
2 20 17 56 0 46 34 58 44 42 22 40 255 51 2 22 49 39 62 15 31 
17 11 32 64 251 40 36 58 49 40 19 41 3 61 244 9 48 33 62 9 32 
7 18 29 61 247 49 46 54 49 43 14 46 0 71 14 12 51 33 54 19 38 
1 27 25 66 254 30 25 62 50 54 11 44 6 68 1 12 58 38 77 10 38 
254 19 22 67 9 41 38 51 42 38 17 40 12 55 7 28 51 20 68 11 36 
6 17 27 66 253 50 27 56 44 46 21 39 11 53 10 5 48 30 61 23 24 
7 15 42 65 249 38 34 42 51 42 17 38 255 55 0 16 39 33 65 10 24 
4 23 29 63 250 44 24 55 49 48 23 50 2 68 0 12 37 41 67 14 38 
9 15 23 72 6 42 38 49 47 47 10 31 0 65 1 19 55 31 60 8 23 
17 18 33 63 5 42 43 61 46 42 21 37 0 59 0 10 49 37 75 20 28 
10 8 27 49 4 54 26 64 44 48 19 40 7 69 255 13 50 35 66 22 35 
13 8 25 57 242 48 28 66 47 44 22 28 0 58 254 7 46 20 64 15 35 
6 20 26 57 3 41 36 52 54 43 17 33 11 65 255 15 47 37 63 13 38 
8 32 20 65 2 40 34 59 52 41 15 47 5 67 6 15 43 41 66 7 38 
253 13 33 52 3 48 41 50 45 46 24 49 14 53 253 17 54 32 65 16 20 
9 26 25 65 6 38 28 61 48 33 24 36 11 51 247 17 55 26 59 18 31 
252 25 30 57 0 50 38 49 42 45 7 35 14 63 5 9 50 43 65 20 31 
12 15 32 69 0 39 30 48 54 42 18 27 5 53 11 12 55 25 61 6 48 
0 21 24 47 5 37 38 63 45 51 22 46 5 55 255 21 49 39 57 17 34 
5 26 36 63 253 35 33 56 42 39 12 44 4 50 0 6 39 27 71 16 35 
255 19 32 57 7 46 39 54 56 52 17 44 2 55 0 12 47 29 66 3 32 
2 15 40 68 0 42 41 46 47 44 21 41 2 56 7 4 41 35 68 15 36 
15 21 36 60 253 51 18 62 46 57 18 40 7 59 17 15 50 42 69 13 26 
249 21 27 70 254 49 30 53 46 50 22 47 14 57 4 20 49 24 63 7 29 
1 18 27 62 2 53 33 58 40 43 13 39 8 57 6 13 54 26 48 1 26 
9 14 27 65 5 40 32 51 47 45 22 33 11 64 250 0 58 34 67 13 35 
255 22 20 66 6 42 28 52 41 40 12 40 255 54 5 23 38 35 62 14 36 
4 9 28 66 3 38 35 50 61 41 27 42 2 62 12 19 52 40 67 16 39 
3 16 23 63 253 46 32 55 51 37 20 39 7 65 1 10 49 39 68 18 30 
0 25 23 66 12 36 23 54 47 42 2 40 254 54 10 12 45 29 57 17 33 
13 19 27 57 253 55 29 46 48 58 21 41 2 52 7 9 52 38 68 20 37 
5 22 37 64 253 47 40 52 52 39 16 37 4 58 2 18 52 48 79 12 37 
1 12 25 56 3 43 36 51 47 42 15 38 2 52 5 6 47 30 62 10 32 
8 19 31 65 250 55 42 54 52 40 23 42 4 59 0 6 44 35 74 249 31 
4 18 36 68 4 41 33 60 52 48 15 45 254 58 2 21 38 29 68 6 30 
4 12 41 61 255 42 28 60 60 53 29 39 9 61 253 14 46 37 54 10 30 
253 19 15 60 0 50 34 66 57 39 13 31 7 51 5 12 48 34 61 7 41 
253 20 28 64 4 50 41 54 52 42 21 40 6 62 9 11 50 42 62 14 32 
0 15 33 64 255 54 33 58 57 37 18 29 14 64 9 24 40 35 63 19 32 
12 18 32 55 2 48 38 57 49 45 22 39 0 50 2 7 52 36 62 23 41 
10 22 29 66 243 41 39 61 51 46 23 34 14 56 1 19 49 34 60 8 28 
10 30 26 72 13 44 31 50 52 44 17 46 1 55 5 15 58 31 62 3 37 
13 14 28 63 247 33 30 71 58 42 14 36 255 53 4 22 47 29 61 6 33 
252 17 30 60 9 34 30 50 50 34 19 48 15 48 2 16 43 39 66 10 24 
0 19 21 68 249 40 44 49 52 44 20 45 7 63 1 26 46 35 60 9 30 
10 21 24 67 255 39 44 62 37 35 29 39 0 58 8 16 40 28 65 8 38 
3 25 32 61 2 46 38 56 61 41 12 41 7 58 11 7 43 30 63 20 36 
255 23 16 61 1 41 25 64 47 47 11 40 7 53 9 16 41 32 69 8 35 
5 17 24 53 3 47 35 49 54 42 13 46 9 59 249 19 56 42 57 9 38 
255 15 26 58 4 45 39 50 56 53 24 46 3 55 6 14 44 32 61 7 27 
10 27 22 50 253 53 49 42 53 46 25 48 6 51 3 29 46 29 63 0 27 
248 18 32 61 253 53 34 49 57 45 12 32 25 69 2 30 37 34 64 11 29 
8 19 32 67 253 42 36 50 43 49 20 37 4 59 16 11 39 36 60 9 39 
9 20 26 59 4 44 29 51 53 35 15 44 7 51 3 16 57 37 57 22 35 
4 14 33 64 0 42 40 41 43 40 28 40 6 54 6 4 44 32 62 15 24 
6 18 33 62 0 53 36 46 44 46 15 45 3 53 2 25 46 40 54 20 30 
252 6 30 50 0 39 28 57 55 37 31 34 8 54 1 24 55 31 61 14 38 
14 11 23 72 255 41 34 54 47 39 19 42 254 52 8 19 61 27 57 11 30 
6 24 15 62 0 53 34 62 46 43 20 46 2 62 0 18 47 26 61 12 36 
3 24 29 67 255 50 32 53 53 51 13 51 7 55 243 9 50 29 64 12 20 
250 26 23 72 0 51 30 52 48 48 11 37 7 60 0 28 38 25 63 26 31 
10 21 23 59 252 47 29 62 36 38 20 34 9 57 8 14 54 28 63 12 35 
6 16 24 74 4 45 36 48 44 43 20 49 5 68 1 11 40 25 56 5 30 
16 14 23 61 243 48 40 53 43 46 19 40 12 53 9 23 44 28 65 4 27 
0 13 25 62 0 36 42 57 46 41 18 41 7 72 11 10 55 36 75 2 32 
2 20 37 54 255 43 27 58 54 43 20 35 7 71 8 16 50 31 59 13 31 
249 23 31 61 8 35 34 49 46 41 24 46 22 55 3 8 52 39 71 10 35 
6 40 30 63 249 53 32 58 57 31 25 33 11 58 8 12 50 38 67 17 32 
3 25 25 56 2 54 28 64 46 42 15 33 4 60 252 17 55 25 59 10 34 
251 26 33 65 3 40 28 55 49 41 13 47 2 51 0 18 50 40 76 10 39 
8 32 34 58 254 50 31 55 41 45 22 48 4 60 7 3 56 29 67 10 28 
255 21 24 62 9 43 42 55 49 51 19 34 1 62 3 9 48 31 70 8 32 
6 23 33 59 0 45 35 61 54 43 25 40 13 60 18 18 44 37 72 9 28 
6 21 29 68 254 32 24 42 47 44 24 44 16 67 251 22 54 32 60 15 36 
253 19 21 62 3 40 31 57 45 57 4 49 12 66 4 18 43 24 68 14 31 
6 17 25 61 11 49 42 47 37 39 24 43 19 64 5 20 50 43 66 15 29 
10 19 24 68 11 42 36 50 45 45 18 39 7 59 0 15 58 29 64 11 35 
2 23 21 64 2 47 27 54 53 43 15 35 8 57 8 16 43 24 65 8 28 
12 19 29 62 254 49 37 52 46 50 26 40 8 65 9 5 37 35 62 17 38 
6 16 26 57 3 32 35 60 50 38 17 44 15 59 3 12 51 34 66 17 43 
4 21 21 64 6 42 36 50 45 56 25 29 5 64 254 19 61 45 51 25 27 
255 31 31 70 7 49 43 47 51 36 12 44 23 66 4 11 55 29 74 17 25 
9 18 36 62 251 46 27 54 43 49 25 47 11 53 2 4 55 39 70 0 31 
4 12 33 64 253 43 33 61 53 46 17 39 13 59 0 4 47 40 60 10 31 
11 13 34 65 0 47 34 57 48 42 24 46 11 67 12 10 45 33 54 13 31 
254 14 23 65 0 48 31 56 70 45 15 44 9 56 0 10 52 24 60 17 35 
5 20 35 58 2 56 34 55 40 55 13 37 9 61 1 15 58 19 52 15 39 
2 20 30 62 252 50 26 65 42 41 2 34 23 50 6 19 50 41 70 17 20 
10 15 23 63 4 45 33 49 53 47 28 46 4 47 13 15 49 34 64 10 38 
245 34 34 56 10 44 37 56 49 41 15 38 5 55 5 17 64 30 62 6 31 
252 7 28 62 10 49 28 56 56 49 21 40 5 50 5 6 53 31 68 13 30 
4 17 29 59 251 45 25 58 57 55 14 33 1 57 4 23 49 34 55 18 41 
10 7 20 69 251 52 21 51 42 44 12 30 0 53 254 19 50 35 49 4 32 
11 19 21 69 0 47 33 53 51 50 22 32 5 54 251 9 59 36 60 13 25 
6 21 32 59 1 48 29 61 57 40 17 33 3 59 255 11 44 29 70 17 41 
10 25 29 72 11 52 34 48 31 38 18 34 8 55 253 13 60 36 63 5 27 
5 15 29 67 6 47 39 55 51 46 27 37 249 69 255 8 56 44 59 15 30 
11 15 27 66 2 41 34 65 59 34 13 32 1 66 14 11 53 31 69 0 24 
0 12 26 68 6 53 40 55 48 54 24 43 8 61 4 6 47 36 51 9 30 
7 25 39 60 10 38 32 60 49 39 24 40 16 59 253 15 52 31 68 12 32 
3 8 31 51 249 49 35 57 55 41 14 39 3 51 0 7 47 28 66 11 22 
255 16 38 69 255 49 37 40 50 48 27 51 17 66 6 19 49 36 61 12 35 
6 19 24 64 254 43 35 55 46 54 23 37 5 63 5 19 53 28 71 20 29 
9 16 35 66 3 51 43 56 42 43 29 32 4 53 7 18 48 33 62 11 40 
251 21 38 65 6 53 29 48 48 45 19 39 7 64 10 15 47 33 72 13 34 
2 28 28 61 255 47 34 56 49 43 15 42 9 56 0 12 47 31 53 22 31 
2 14 38 79 3 39 37 46 51 43 14 48 0 62 15 10 44 39 58 13 36 
2 23 21 51 251 39 32 59 46 46 8 43 8 59 6 0 49 40 60 11 27 
252 19 34 71 1 40 38 49 47 45 18 40 15 53 3 7 60 28 56 254 31 
9 16 23 62 9 46 32 47 45 46 10 38 4 59 253 4 44 34 63 3 38 
254 27 26 62 6 41 23 57 44 42 22 33 2 56 4 17 49 32 68 11 44 
5 23 29 63 253 45 36 58 51 52 12 35 254 62 15 16 48 38 58 9 29 
15 21 29 61 3 45 36 57 50 38 20 43 7 57 0 24 51 35 61 13 44 
3 20 38 58 250 43 38 46 42 35 7 33 5 59 252 19 53 20 69 16 26 
11 23 28 63 255 42 39 55 48 42 10 39 3 66 255 19 50 21 62 9 34 
7 22 26 67 10 45 38 48 47 40 10 38 10 51 15 17 47 39 65 13 26 
11 29 36 51 245 45 23 61 40 52 12 32 10 64 0 14 48 24 55 20 28 
4 17 36 68 8 37 32 44 51 35 7 34 8 61 254 6 43 36 61 13 30 
14 22 29 66 252 44 31 57 62 46 21 37 3 51 0 10 50 41 62 7 31 
4 20 28 65 8 34 38 64 41 30 20 45 7 66 252 10 52 26 70 13 34 
10 25 33 55 7 47 32 60 41 46 19 29 17 58 7 13 51 39 55 14 39 
3 18 24 72 245 33 31 61 47 48 27 40 10 54 6 11 46 38 72 2 32 
4 23 23 60 252 38 32 54 44 53 16 47 3 52 0 14 46 39 68 10 36 
1 15 22 48 0 34 34 57 52 42 23 43 3 59 255 22 48 35 59 12 43 
6 13 39 54 0 55 33 45 46 42 9 47 12 54 5 17 45 42 69 16 48 
0 21 37 64 2 46 36 52 43 34 19 41 11 55 4 19 46 32 70 12 21 
6 18 27 70 1 40 16 50 53 45 18 47 2 55 9 13 43 31 66 21 30 
14 25 25 62 245 40 30 53 42 47 30 38 8 52 16 19 63 31 60 20 40 
6 26 29 55 0 44 29 61 45 46 18 39 12 67 6 30 59 30 56 7 30 
11 15 22 51 6 47 31 48 52 42 21 38 0 55 9 19 49 38 64 10 42 
247 21 15 58 8 41 33 57 47 42 20 38 5 68 11 10 49 38 63 9 37 
7 19 24 74 7 45 32 53 50 40 27 38 6 51 5 11 47 33 69 9 30 
5 24 27 50 249 37 38 56 45 45 22 41 8 47 2 13 53 42 81 11 38 
4 24 43 52 245 41 34 55 33 52 18 42 11 67 15 9 50 42 58 17 42 
255 23 25 63 247 42 28 44 47 49 13 33 1 69 3 8 46 29 67 15 34 
6 14 24 62 253 38 32 59 43 43 17 32 8 67 10 19 49 43 69 0 44 
10 35 24 55 1 32 43 76 50 48 24 45 11 55 6 9 64 33 56 19 38 
7 25 29 69 4 43 39 55 49 44 13 39 9 54 13 12 45 38 71 12 26 
1 26 34 63 0 46 38 56 42 38 13 38 9 65 2 13 60 32 68 18 30 
253 10 37 64 2 46 27 53 55 45 16 45 16 67 17 17 48 30 69 1 31 
2 16 26 64 254 45 23 42 46 50 21 40 7 51 12 13 49 32 66 14 36 
0 14 28 59 0 43 28 61 41 43 30 41 9 65 11 16 48 29 63 22 28 
7 14 21 72 9 37 34 47 59 44 21 55 7 53 13 12 45 30 55 14 47 
2 16 27 59 255 53 42 50 40 45 19 39 5 64 7 254 52 41 53 18 25 
15 24 33 64 0 46 34 59 47 36 23 40 248 56 252 10 53 32 64 8 44 
255 21 16 61 9 45 22 57 50 46 20 37 3 64 12 9 47 28 62 20 28 
1 30 26 54 246 53 29 55 46 50 22 41 15 63 9 8 53 35 66 10 33 
248 16 27 64 5 43 28 54 53 54 27 41 10 62 8 6 51 37 68 7 33 
3 33 29 59 6 55 32 56 47 43 15 33 4 54 1 13 60 36 62 18 26 
7 13 28 64 4 35 38 61 43 43 4 40 6 54 8 5 48 34 52 18 40 
8 21 22 54 0 48 32 60 61 48 17 36 10 67 5 15 47 21 61 13 36 
3 12 27 69 254 34 29 52 40 45 7 35 11 61 7 16 48 31 73 12 33 
15 13 29 63 4 51 36 43 45 52 20 43 4 57 4 26 42 34 63 12 37 
0 27 42 59 251 49 37 51 44 43 10 37 23 58 255 2 40 30 62 251 25 
254 21 23 65 250 49 40 49 51 49 13 36 12 64 7 24 42 25 66 9 34 
250 24 34 59 8 42 21 58 45 34 25 45 14 64 5 23 58 31 63 20 31 
1 22 26 79 2 53 29 50 47 38 18 30 4 53 7 18 50 35 66 21 30 
14 25 21 72 255 40 26 50 53 32 15 44 14 63 6 17 41 39 66 7 35 
3 25 22 57 7 47 24 52 54 47 19 38 13 55 8 14 56 22 61 14 34 
255 12 26 68 253 37 34 52 54 40 25 42 7 68 2 5 49 38 60 14 28 
14 10 24 65 245 56 30 55 59 52 23 44 6 59 5 11 47 44 56 8 29 
1 21 30 60 248 42 31 40 50 46 15 41 0 57 19 10 53 28 65 13 43 
250 22 27 64 2 37 39 55 58 37 18 38 4 72 253 18 49 28 68 10 31 
253 21 23 72 9 50 29 63 47 51 17 48 3 40 3 13 49 36 60 6 24 
8 24 35 58 12 47 19 53 52 44 24 32 20 49 3 10 50 37 60 9 30 
255 18 29 67 244 51 44 53 44 47 11 36 10 61 11 5 47 43 64 9 41 
253 12 28 62 254 44 30 55 43 34 31 35 18 67 4 254 49 29 68 10 28 
254 26 33 61 3 36 37 56 57 44 21 37 7 58 7 15 51 35 71 19 31 
10 19 22 60 10 42 27 61 46 55 19 35 7 65 252 14 43 36 58 17 23 
4 22 31 61 253 40 21 58 58 38 17 34 3 55 0 19 58 22 65 12 22 
4 5 18 56 249 42 31 49 44 40 20 35 8 70 4 22 38 30 59 10 34 
14 20 26 58 7 37 35 46 49 52 14 34 12 57 3 16 51 39 63 4 36 
4 18 35 69 5 47 30 48 54 40 19 25 20 49 4 9 56 22 71 17 34 
7 24 19 75 250 51 29 54 52 43 10 48 8 63 5 10 42 37 66 25 30 
10 13 29 56 5 47 29 60 47 43 19 38 254 63 10 11 56 38 69 4 39 
5 25 32 63 253 49 42 51 44 28 16 46 5 55 4 15 44 35 62 14 31 
254 20 33 70 4 46 34 54 48 51 12 42 8 53 5 12 49 34 62 24 41 
8 11 27 64 255 40 37 56 43 37 18 42 10 56 253 19 61 34 58 13 25 
15 24 23 69 3 51 27 41 39 46 20 35 16 56 10 17 48 38 55 16 40 
1 24 21 54 255 42 36 56 44 39 20 36 13 66 14 15 36 28 57 21 31 
0 10 26 61 5 53 29 55 54 50 20 35 10 59 9 17 50 20 64 11 36 
8 19 33 53 10 50 37 50 50 44 27 38 9 63 3 19 47 29 58 16 31 
13 22 23 62 0 49 28 61 44 49 17 37 10 59 14 16 36 40 67 21 29 
4 27 16 60 254 36 40 63 53 37 24 47 1 54 2 5 54 36 64 15 44 
9 15 31 57 6 45 39 50 52 41 7 40 15 44 253 19 43 35 76 9 41 
253 26 26 56 250 40 44 58 42 40 22 36 9 58 6 12 41 30 56 4 39 
7 21 29 60 248 45 34 54 56 35 18 43 2 51 5 8 45 24 63 5 32 
4 23 22 56 4 37 30 51 39 50 28 49 10 55 7 8 48 33 55 9 42 
3 23 23 60 253 29 45 60 57 36 19 42 14 64 2 13 53 30 62 11 44 
14 5 31 54 1 41 25 48 44 40 20 46 10 57 9 19 57 42 66 5 41 
7 17 34 66 254 49 29 51 43 46 18 42 8 58 6 9 56 26 67 16 34 
6 21 15 63 255 47 31 58 49 43 10 34 21 62 5 12 50 34 65 10 37 
1 23 36 62 0 50 39 51 54 46 14 31 12 57 4 7 46 33 63 23 28 
9 27 26 49 4 48 31 61 61 53 12 39 9 58 254 2 56 43 59 0 29 
2 19 30 56 8 48 36 47 57 38 16 46 8 55 15 14 48 24 62 14 43 
5 21 26 59 0 49 24 51 44 44 19 35 253 47 254 13 43 41 66 15 36 
0 21 34 64 5 52 37 60 49 41 20 42 3 56 6 15 48 32 71 21 33 
253 28 27 68 2 45 34 64 50 48 18 42 13 60 5 14 44 32 66 2 40 
3 3 18 58 1 41 32 44 38 37 18 40 15 67 6 18 40 26 64 0 39 
252 9 42 68 0 46 39 49 44 47 16 42 7 56 1 21 38 32 66 14 41 
0 27 24 64 1 46 28 53 50 38 10 48 12 58 26 15 44 44 61 9 36 
2 22 30 61 6 54 27 51 56 38 18 35 11 58 11 21 39 41 68 8 32 
3 18 26 62 2 36 25 52 50 31 13 36 2 57 6 7 46 35 58 18 40 
8 18 28 59 0 51 28 52 42 46 21 41 3 54 4 8 47 43 65 19 33 
9 21 23 64 249 46 34 55 54 48 10 35 6 64 1 10 49 42 68 10 26 
4 21 29 60 6 55 39 56 52 36 30 36 11 64 6 7 46 26 58 9 31 
10 17 14 58 253 43 30 51 49 35 5 33 15 55 5 13 57 32 73 25 33 
1 12 35 62 254 43 40 45 53 46 9 46 250 68 4 8 46 27 66 4 21 
12 21 17 55 253 48 23 49 41 35 19 38 14 64 6 22 44 40 56 10 32 
6 26 35 61 6 46 38 60 42 44 26 35 9 71 246 11 41 30 50 4 28 
3 22 23 63 6 57 23 55 54 49 10 43 11 48 4 25 51 38 61 15 37 
15 18 34 59 0 41 23 53 53 44 23 42 9 55 3 17 40 43 64 14 38 
253 24 25 52 4 36 26 62 56 45 19 40 18 57 4 11 48 24 70 1 31 
3 13 28 57 12 37 48 57 55 47 8 24 3 64 253 14 42 36 64 15 48 
4 24 20 70 245 50 18 58 60 49 25 32 9 58 4 6 46 34 64 9 41 
1 19 27 60 255 54 31 60 53 53 6 44 2 57 255 10 51 44 63 18 30 
11 17 31 64 2 42 40 49 44 53 13 34 9 54 253 13 44 41 60 4 40 
255 31 28 58 7 51 44 68 45 51 11 41 10 62 5 17 47 34 55 19 31 
7 27 25 57 4 46 23 51 46 38 18 51 3 61 0 14 41 29 66 15 40 
0 17 23 68 5 48 30 59 51 48 26 33 0 45 10 15 50 34 63 8 25 
0 17 25 66 253 47 43 54 47 51 18 49 8 68 15 11 52 32 59 15 33 
255 25 39 67 8 49 28 60 39 37 19 39 4 57 1 20 47 34 65 9 30 
6 19 21 58 248 43 28 55 39 46 15 36 9 51 4 5 48 26 67 14 29 
7 15 23 64 3 38 29 56 55 42 18 39 255 49 255 3 45 38 69 19 24 
10 14 27 63 247 40 36 45 47 35 11 37 6 50 6 18 55 34 55 19 21 
9 19 32 64 1 37 39 47 50 51 33 47 5 47 251 9 65 35 56 15 45 
2 23 19 60 254 53 34 61 46 46 17 42 21 59 0 18 52 31 70 8 29 
1 16 29 48 254 47 31 50 54 53 15 49 248 62 11 12 43 36 73 20 32 
7 18 41 63 12 43 29 50 41 47 20 36 6 57 6 24 54 41 53 18 21 
10 24 18 67 254 33 32 47 53 46 24 41 9 63 3 13 39 30 61 5 37 
4 19 31 58 0 49 35 47 47 38 24 34 16 48 255 20 54 36 61 15 31 
8 25 33 57 2 50 35 63 46 43 25 40 6 56 4 12 45 37 57 9 26 
5 17 42 63 252 38 31 61 47 44 14 36 4 53 5 12 50 34 55 16 32 
4 20 24 63 251 44 43 57 44 42 2 36 11 62 16 14 51 34 65 10 35 
4 29 25 63 251 53 29 64 46 46 23 45 7 49 14 20 59 28 59 13 37 
3 26 24 64 251 43 36 61 55 47 6 25 13 66 3 8 52 27 55 14 37 
1 33 29 55 252 49 31 49 48 50 19 40 4 67 7 0 51 50 68 10 37 
3 16 20 56 5 39 31 65 56 44 27 42 4 57 0 13 47 27 65 18 36 
7 24 21 64 255 42 37 47 38 51 24 37 7 61 5 13 44 40 57 12 30 
255 13 35 54 2 47 29 56 56 45 19 42 15 51 8 10 37 34 59 9 38 
5 15 24 67 0 56 41 50 40 35 17 29 6 60 1 11 38 34 53 4 29 
6 8 28 62 9 37 25 56 35 48 23 39 5 58 3 14 44 36 64 13 29 
7 12 33 63 5 44 36 53 39 39 18 33 8 54 6 14 50 26 60 10 31 
249 30 37 68 254 56 32 53 56 37 18 39 3 62 0 6 62 29 64 8 31 
255 28 24 68 0 46 38 49 43 43 24 50 11 57 0 22 49 33 63 21 40 
3 25 29 72 250 44 29 55 49 39 24 44 16 52 5 12 47 36 59 11 25 
250 15 19 63 0 41 40 58 50 50 16 40 3 58 2 17 51 35 58 12 37 
3 17 22 70 254 32 31 53 52 40 17 35 7 56 1 11 47 30 71 22 33 
6 7 31 65 6 46 40 56 49 38 9 49 7 68 13 10 47 37 63 3 22 
3 21 26 64 2 49 36 56 39 37 255 46 0 65 0 9 40 40 57 21 31 
1 12 29 65 11 48 31 61 45 33 17 37 8 59 12 6 39 27 62 8 28 
8 35 28 60 1 47 31 44 44 49 19 40 9 58 8 19 52 32 55 14 34 
3 20 32 66 4 44 43 55 47 45 12 28 5 51 255 17 40 30 59 4 37 
0 21 28 60 251 57 33 55 47 45 15 42 0 61 2 10 46 35 61 8 34 
245 19 38 61 1 50 27 60 47 41 14 39 13 63 9 2 44 40 59 19 38 
1 20 29 66 4 49 37 50 43 49 15 46 255 57 5 10 53 34 60 8 27 
6 20 16 63 1 38 45 55 46 37 21 30 6 51 13 21 52 26 74 6 33 
15 9 20 58 253 43 33 44 35 39 19 38 255 62 253 22 49 26 70 18 28 
9 24 25 57 255 39 36 58 40 49 5 48 6 55 0 11 49 29 61 18 34 
9 13 35 62 244 44 32 51 53 47 7 43 0 63 7 6 58 33 68 14 35 
6 15 24 64 5 50 35 49 49 39 18 43 8 63 251 22 48 31 63 17 36 
5 18 25 69 8 46 35 57 51 53 23 35 18 69 7 8 47 29 66 26 31 
252 29 21 57 12 43 38 49 39 49 32 37 14 62 13 19 39 33 68 7 33 
3 26 30 54 3 39 31 52 51 47 11 38 1 58 0 20 54 29 57 12 34 
254 27 26 60 249 49 37 52 41 42 21 34 14 56 9 10 51 24 58 3 17 
8 11 20 65 14 45 12 50 50 43 18 46 14 58 1 13 53 20 62 13 39 
253 25 36 57 252 54 42 57 42 30 17 46 6 61 6 35 46 31 71 8 28 
4 15 23 69 2 50 34 62 53 48 26 38 3 67 0 7 44 33 70 17 35 
9 20 24 54 251 41 35 50 46 42 16 49 0 53 253 11 36 32 66 8 42 
4 21 34 60 251 47 33 49 41 43 20 52 249 54 9 16 44 35 59 20 41 
12 21 27 71 4 37 49 55 50 40 9 39 9 60 0 16 45 36 56 20 25 
3 23 24 55 245 52 28 52 48 41 10 39 5 51 5 12 46 42 63 7 30 
13 28 23 61 0 41 25 54 62 45 19 37 5 50 1 21 48 34 52 12 26 
0 19 34 60 247 42 35 44 49 45 16 42 9 59 3 28 48 39 61 16 26 
14 19 24 67 253 40 31 56 45 38 13 36 2 57 11 2 55 27 72 10 33 
0 18 28 65 252 37 35 45 43 51 18 29 0 62 4 11 57 48 53 0 33 
6 18 30 56 3 44 34 60 45 34 12 48 10 59 249 13 57 37 62 15 32 
0 23 34 64 0 48 35 57 57 44 22 35 3 55 4 11 46 38 67 8 29 
250 7 29 61 250 41 48 54 49 44 9 32 6 54 3 17 47 35 65 5 18 
7 18 19 52 0 45 38 42 42 43 14 39 7 55 6 8 51 38 70 27 24 
10 22 29 63 252 45 32 61 43 48 18 46 4 54 255 6 59 35 63 10 39 
3 23 34 60 3 49 37 74 55 47 12 43 9 57 255 28 52 27 60 18 34 
16 18 13 55 4 47 32 59 43 44 13 33 3 50 252 12 49 27 69 5 21 
3 10 18 55 3 39 28 54 52 44 19 40 8 54 2 12 46 36 62 16 29 
1 20 31 55 4 36 31 60 41 45 4 38 14 64 3 19 55 33 60 14 30 
8 17 28 64 255 36 31 50 56 40 20 48 7 58 8 11 53 29 50 12 24 
7 12 28 69 1 48 43 47 48 39 21 49 3 56 9 9 63 31 65 8 28 
8 16 24 65 252 53 27 52 49 36 19 36 20 56 7 14 64 41 59 0 28 
253 19 27 55 3 38 37 63 46 47 14 45 6 52 254 14 45 27 73 14 22 
8 34 28 74 255 43 40 44 47 43 19 47 7 58 0 26 46 38 62 8 37 
1 15 37 66 255 41 33 55 49 50 24 38 3 51 255 22 60 26 57 24 26 
0 36 27 59 0 42 36 55 49 41 15 37 6 61 5 18 59 32 73 12 29 
9 21 40 64 0 44 27 47 40 45 27 45 2 62 10 13 58 25 60 14 29 
2 32 26 72 1 56 31 54 44 45 19 30 14 63 10 12 48 31 56 10 35 
0 18 24 55 255 42 31 42 39 42 19 37 7 58 7 20 46 39 57 17 33 
18 14 39 69 1 55 36 55 48 34 24 42 7 61 2 6 53 29 64 6 35 
252 23 24 77 0 61 30 57 50 31 16 38 8 57 253 18 43 48 67 15 30 
3 20 25 65 254 48 27 50 45 41 19 41 11 51 7 21 46 36 60 20 34 
5 4 23 53 7 38 41 49 41 46 13 41 11 51 0 15 45 36 57 12 26 
254 20 29 67 4 48 52 62 38 52 12 48 11 57 1 20 48 41 73 17 25 
6 26 31 71 249 41 35 63 43 44 13 41 9 70 1 11 47 31 63 24 37 
0 20 25 53 0 43 34 48 45 42 11 43 253 59 0 7 50 35 73 21 41 
0 22 35 47 8 40 30 62 49 53 13 58 15 56 0 9 46 28 57 7 37 
5 17 35 60 253 39 35 55 45 41 20 39 14 64 2 13 54 36 65 17 33 
12 19 26 60 5 38 40 62 49 42 33 40 0 65 9 8 58 35 67 12 23 
3 15 31 64 0 43 46 51 49 41 20 31 3 63 10 12 42 37 63 16 24 
10 17 33 67 6 56 33 48 48 56 16 41 6 56 10 12 42 41 62 7 25 
247 16 20 65 253 48 23 60 49 31 29 32 11 58 6 9 48 26 65 16 35 
1 23 30 71 6 61 39 59 55 55 15 34 251 66 5 18 47 24 59 7 31 
255 24 29 60 12 50 33 60 56 46 21 49 8 56 8 17 35 31 61 15 34 
2 26 28 58 9 48 29 63 45 31 26 37 9 61 19 17 53 43 74 21 31 
1 16 34 61 9 53 34 60 56 42 13 48 3 58 7 17 49 18 59 7 33 
1 23 26 71 4 53 34 51 46 38 22 37 12 55 11 12 47 30 61 17 39 
2 15 29 59 245 44 24 46 50 37 22 33 6 53 8 20 47 34 61 12 40 
15 20 26 66 245 45 37 63 46 45 20 40 10 68 8 10 48 32 64 14 38 
4 23 30 59 255 58 35 51 55 47 13 34 10 57 11 9 48 32 62 20 37 
4 20 37 65 255 53 37 57 44 36 22 26 5 60 8 8 55 33 60 8 25 
254 21 31 61 2 51 27 46 36 34 13 33 2 59 8 17 59 41 59 18 42 
4 21 35 59 6 50 33 57 48 46 20 27 1 46 2 16 36 34 56 19 39 
252 16 26 63 249 48 34 57 51 42 23 48 3 71 6 23 52 35 60 15 36 
23 17 32 68 7 42 30 60 49 45 9 49 9 53 8 11 42 32 61 24 33 
7 14 28 56 1 47 35 57 41 45 14 38 8 55 2 17 44 28 61 23 40 
9 7 27 61 8 39 33 53 44 43 16 41 4 65 4 7 57 33 71 5 29 
251 14 37 64 4 52 37 58 49 45 12 42 10 64 6 5 46 32 65 11 26 
8 14 30 54 0 36 24 62 54 52 16 36 255 59 246 13 42 37 75 9 25 
5 7 45 70 14 45 23 53 44 43 20 50 6 55 7 10 49 34 73 18 25 
14 29 31 63 5 39 41 55 43 39 24 45 4 50 1 9 46 22 72 19 35 
3 26 24 63 255 47 26 55 58 44 14 32 4 55 0 7 41 28 55 13 40 
7 24 35 60 7 49 34 58 39 52 19 34 1 55 3 5 60 37 69 27 25 
10 25 18 57 1 53 27 45 46 37 18 46 5 60 14 20 48 29 57 22 34 
1 8 33 64 5 41 20 53 49 29 28 40 5 55 4 18 50 37 64 14 39 
10 23 26 51 251 48 31 52 51 41 20 44 255 55 3 7 49 25 50 11 33 
254 21 16 70 8 41 39 46 53 45 25 35 6 70 9 16 46 32 69 15 27 
6 21 33 54 255 39 32 61 44 46 11 32 4 71 252 22 49 30 60 21 29 
17 26 26 70 255 47 30 61 42 47 21 35 7 58 3 9 50 34 55 12 49 
5 17 35 63 252 40 44 53 52 42 23 29 12 56 0 9 57 28 58 22 36 
254 6 24 66 1 52 25 45 58 36 26 40 7 55 254 12 42 24 66 11 20 
5 24 30 64 0 46 36 56 43 33 18 46 9 59 7 11 47 25 68 14 27 
0 19 23 58 14 52 39 60 52 41 16 37 22 56 0 9 47 25 66 14 19 
9 11 26 74 6 44 32 50 50 39 33 47 10 54 0 19 54 30 63 9 27 
240 21 30 67 250 39 36 59 55 38 24 48 14 58 14 13 51 29 52 21 42 
4 25 19 75 7 39 29 48 55 46 28 42 11 72 8 16 36 29 66 6 27 
255 22 26 70 8 48 29 52 43 52 21 33 16 58 255 18 53 35 69 14 25 
254 24 31 61 255 48 43 52 43 48 15 43 12 51 249 18 54 38 63 15 32 
5 17 36 66 252 52 34 57 54 47 20 43 3 61 3 5 54 33 55 9 28 
5 24 22 61 5 42 36 59 37 47 10 35 4 55 0 6 44 40 64 11 42 
12 14 39 67 5 38 31 60 53 43 24 36 6 57 0 10 46 27 55 7 37 
0 16 17 51 12 41 25 56 42 38 18 31 8 56 3 15 61 38 60 255 32 
251 22 16 64 3 53 28 58 50 47 20 44 16 61 0 7 49 24 69 11 29 
250 8 31 53 4 53 30 56 61 47 17 48 12 54 5 11 58 36 71 20 29 
0 32 19 63 6 44 29 44 63 39 14 27 2 58 5 16 43 21 51 16 27 
3 22 24 48 0 55 39 51 59 49 30 40 0 62 252 6 41 31 68 19 30 
3 18 33 54 255 50 29 49 45 46 22 47 253 62 0 23 44 32 59 12 28 
9 22 18 59 3 37 34 56 49 40 22 42 16 62 7 8 47 33 57 14 36 
10 28 22 59 2 42 33 62 53 47 21 43 14 55 2 19 49 26 61 12 36 
4 20 35 62 4 57 34 54 41 56 13 44 5 61 7 9 45 38 63 15 32 
0 26 22 68 254 50 38 53 50 41 10 41 3 57 0 21 48 33 63 16 26 
0 13 24 59 254 47 38 51 51 49 17 43 2 52 252 15 47 38 61 5 30 
12 34 29 67 253 47 24 55 33 36 20 34 6 56 250 11 43 24 54 22 31 
6 24 31 57 0 46 36 51 56 49 30 38 14 62 0 4 56 42 64 4 16 
6 12 22 52 251 48 25 44 58 41 17 47 3 62 2 20 53 31 73 5 42 
5 24 42 62 254 46 32 56 59 43 20 40 10 66 12 21 55 28 52 14 32 
19 19 32 69 0 37 45 49 54 42 255 45 0 56 9 10 39 29 60 7 36 
8 19 26 60 0 48 51 47 47 37 13 33 252 63 249 23 50 42 52 11 42 
255 10 29 71 253 47 38 56 42 44 27 39 6 61 10 11 40 41 67 7 31 
11 15 22 59 3 37 40 64 40 53 18 40 13 62 2 9 51 29 73 7 42 
2 24 22 67 0 43 32 55 54 47 18 44 2 62 6 0 54 44 67 23 35 
0 24 24 60 0 54 36 50 38 44 11 47 23 46 4 10 48 33 66 9 35 
7 22 29 66 252 32 28 56 60 39 18 42 14 68 2 14 43 24 57 10 36 
2 21 27 64 255 47 48 64 61 53 20 33 10 61 5 15 53 43 67 16 39 
7 25 32 72 4 45 35 57 49 44 14 41 10 62 8 2 43 32 57 9 35 
11 28 20 64 7 46 25 55 58 46 16 40 10 53 5 9 46 28 61 16 32 
11 13 25 55 3 44 23 48 47 35 25 40 0 55 0 12 48 36 60 13 23 
6 21 39 60 0 47 30 43 47 36 22 45 252 53 4 16 52 32 61 8 43 
255 16 32 65 9 54 27 60 48 44 5 54 17 64 7 11 64 45 56 15 30 
254 18 25 60 0 38 24 57 47 41 17 46 12 57 6 5 48 35 62 13 32 
2 20 20 55 249 53 37 53 41 45 25 42 16 45 10 3 42 42 62 17 40 
7 29 26 57 8 44 41 64 55 42 11 42 5 51 4 11 53 27 61 11 35 
254 14 33 73 3 43 28 60 38 52 21 56 4 65 11 16 61 33 49 18 25 
9 29 29 59 5 44 25 46 44 40 30 39 10 67 5 26 50 34 69 8 29 
8 26 20 58 249 42 42 53 55 41 27 42 9 52 13 14 54 24 65 4 25 
4 12 31 68 0 41 38 54 41 41 16 32 3 67 249 7 53 25 58 12 41 
1 25 27 59 0 60 31 56 54 49 15 35 11 62 2 4 39 29 66 9 39 
255 19 28 71 0 45 38 49 61 47 16 39 14 69 2 19 51 27 61 252 32 
2 19 29 59 253 53 32 61 58 52 8 34 12 56 254 18 49 26 64 17 29 
0 18 20 62 8 45 34 58 38 51 25 47 9 69 253 12 45 34 55 255 43 
253 30 28 48 3 54 37 63 45 44 13 37 9 61 2 17 39 37 66 8 34 
4 13 27 70 248 41 41 58 48 47 10 47 2 52 2 16 55 40 63 7 33 
10 23 35 67 1 54 22 51 45 51 23 46 8 52 0 15 49 25 70 22 36 
12 20 27 61 253 41 30 56 48 38 29 24 13 56 2 11 47 36 67 20 35 
4 22 27 74 4 47 32 46 47 43 19 34 10 58 254 17 59 30 55 6 31 
7 23 22 62 0 51 31 56 55 43 10 40 18 63 2 11 51 37 54 5 33 
