255 38 62 40 13 48 45 14 7 41 0 48 0 40 43 41 32 42 
252 23 66 33 6 46 60 254 5 38 1 51 254 50 49 37 27 38 
3 18 67 19 15 45 50 8 7 49 2 48 9 40 38 40 22 40 
4 16 48 21 5 51 61 4 12 43 5 45 252 54 47 44 31 38 
253 30 63 26 6 52 55 5 15 42 9 47 4 41 55 27 24 33 
249 21 67 29 2 62 51 8 7 38 253 40 4 38 50 42 28 32 
1 31 71 31 4 48 46 0 7 40 6 52 251 56 39 48 31 41 
0 20 59 25 251 53 51 8 10 44 4 57 5 46 47 33 34 36 
6 27 60 24 11 61 50 5 14 29 2 58 14 39 50 47 34 22 
251 32 69 21 14 48 52 5 253 47 255 57 15 41 48 38 29 24 
5 6 63 14 20 58 50 0 14 51 1 45 4 49 48 41 23 35 
3 38 67 27 7 43 50 7 11 45 0 51 0 42 46 46 26 28 
6 29 56 24 3 54 52 1 16 42 249 58 2 49 52 34 20 26 
4 22 68 30 3 53 47 5 8 47 253 44 5 36 41 44 34 32 
4 28 64 26 14 54 60 8 8 49 1 55 5 53 35 42 16 38 
254 26 55 25 9 40 53 5 8 44 7 44 11 41 46 35 32 32 
7 19 52 21 12 53 45 7 6 37 253 48 11 35 56 36 28 46 
4 27 51 29 12 41 58 3 3 52 249 54 0 42 52 42 18 30 
10 32 57 30 11 40 59 13 0 46 5 49 3 50 57 34 16 36 
13 26 58 27 14 51 49 251 11 50 4 57 6 53 48 28 20 46 
5 31 67 35 17 37 51 245 13 45 5 34 11 45 51 33 29 26 
10 33 62 28 4 40 48 9 9 49 5 47 2 45 56 31 25 41 
9 26 56 31 15 41 57 7 11 44 10 50 1 54 52 37 29 37 
5 22 65 16 8 48 59 3 4 44 248 49 4 52 47 34 19 40 
255 36 57 37 25 52 49 4 7 37 251 51 1 41 55 36 33 33 
3 27 58 27 7 54 56 7 11 46 2 48 1 40 44 44 33 41 
251 18 72 26 10 45 56 0 21 54 4 54 0 44 52 36 35 17 
23 22 60 23 12 42 58 11 9 49 3 57 5 45 39 50 18 42 
6 37 57 21 6 55 53 11 14 47 8 47 12 34 46 25 21 33 
16 29 66 20 12 46 48 9 2 48 3 48 254 38 48 33 31 27 
9 28 56 35 21 53 64 255 7 47 5 61 6 49 50 38 29 39 
6 30 62 26 3 55 53 7 16 54 0 51 2 49 47 27 30 42 
6 34 60 22 13 52 57 12 4 49 0 44 8 49 45 41 35 35 
251 21 53 25 8 41 46 1 3 42 254 54 7 51 56 45 35 38 
253 16 64 26 4 48 46 4 12 47 9 55 13 39 55 48 29 44 
10 27 52 21 15 58 58 10 13 35 0 42 253 45 55 45 29 44 
18 30 57 16 12 48 54 13 5 49 3 42 7 54 53 47 27 31 
6 36 66 31 12 49 54 0 11 58 8 49 14 50 47 42 30 35 
244 26 62 29 1 53 53 11 9 40 250 45 5 46 47 40 24 47 
2 27 58 29 12 51 64 5 5 40 7 50 3 42 48 35 32 37 
6 24 66 24 2 48 58 5 20 41 8 52 8 43 51 36 30 29 
1 28 58 20 8 54 50 4 7 45 0 38 0 50 45 49 22 34 
2 30 60 38 9 48 42 11 19 24 255 46 3 43 50 36 25 33 
2 32 62 25 6 49 50 17 6 49 255 50 5 43 60 36 32 44 
5 31 63 32 14 48 55 3 3 48 0 45 9 43 47 43 25 23 
14 35 62 34 3 52 59 7 7 42 0 45 255 38 47 35 28 43 
3 26 66 23 14 47 51 250 16 37 0 43 4 45 48 43 34 42 
16 40 62 30 6 51 55 5 5 46 1 49 5 40 55 51 18 42 
251 27 68 31 19 50 50 3 9 49 17 47 5 45 44 34 22 23 
5 33 70 28 13 48 53 6 11 49 3 51 9 50 50 29 31 39 
3 19 64 29 11 49 46 2 5 56 0 47 3 41 45 39 28 35 
7 17 65 31 14 55 62 13 255 41 0 46 3 47 64 34 31 35 
7 28 61 27 11 54 49 0 4 40 4 46 9 49 51 40 22 33 
7 36 68 20 3 48 54 2 5 41 10 46 0 48 52 22 28 36 
253 26 59 19 4 59 67 17 20 47 255 50 13 50 53 28 24 33 
2 28 60 16 14 56 59 253 5 52 3 55 8 48 46 36 31 34 
1 27 58 22 16 61 62 8 0 48 1 42 12 47 44 35 21 38 
3 25 67 32 10 44 58 7 0 34 4 52 9 49 51 25 26 38 
0 18 65 19 13 60 49 9 8 48 248 49 0 49 53 42 27 47 
11 32 66 24 5 42 63 9 13 49 252 42 6 44 36 37 36 31 
3 26 62 28 16 48 53 5 5 49 7 48 253 40 57 40 26 35 
2 30 72 33 16 48 57 253 9 50 4 48 251 42 53 31 24 41 
1 16 66 23 9 48 51 7 7 53 1 39 4 42 50 30 34 27 
8 31 58 30 13 48 52 9 11 49 9 50 4 42 53 40 24 38 
2 29 60 18 255 57 60 4 8 46 9 41 4 40 49 46 34 39 
253 24 60 23 13 45 46 6 7 40 5 53 2 44 57 36 36 47 
5 30 49 28 6 55 56 3 1 52 8 48 0 47 53 38 30 33 
1 35 56 21 8 49 51 13 19 36 3 42 6 43 40 39 29 35 
0 30 54 20 1 62 60 1 14 47 15 45 4 37 50 34 33 31 
6 30 64 25 9 47 55 22 7 44 9 48 4 46 47 35 26 36 
1 37 63 28 4 49 46 8 6 44 252 58 8 49 43 34 31 35 
4 35 53 31 12 52 65 4 255 39 254 41 9 51 51 45 20 43 
5 22 66 22 7 43 51 10 15 45 10 56 253 45 41 44 32 21 
9 30 60 31 19 48 56 1 3 45 0 43 6 43 48 28 30 36 
9 33 70 26 11 46 65 20 8 48 254 56 7 37 41 41 28 35 
5 28 52 24 12 55 53 253 21 53 249 54 3 50 53 47 34 18 
6 27 55 32 3 42 61 8 24 51 15 53 4 59 50 43 45 39 
12 16 63 15 3 58 56 5 11 52 4 51 1 51 46 42 22 31 
252 34 58 32 6 57 47 0 10 42 8 51 3 38 49 39 30 41 
252 24 63 30 13 43 54 11 14 47 5 47 6 41 44 39 40 37 
3 27 61 28 16 46 58 0 6 49 254 54 1 51 48 50 33 34 
7 20 63 24 255 47 47 8 8 39 252 44 8 36 47 49 34 39 
12 27 63 31 6 43 45 12 18 39 7 45 11 40 44 36 38 37 
8 36 60 20 6 53 52 16 11 46 12 50 5 50 52 38 29 44 
18 24 54 25 24 40 46 20 18 48 253 43 0 46 37 39 36 37 
16 21 57 25 8 55 56 5 8 54 4 49 3 43 40 44 38 31 
12 18 63 25 17 35 53 6 5 37 0 55 4 39 44 39 30 40 
17 24 56 23 18 45 51 11 4 40 253 40 4 44 43 44 31 41 
7 27 65 23 13 58 55 3 4 50 247 48 20 51 42 38 31 35 
255 33 51 32 14 61 71 0 14 40 6 50 3 42 47 40 28 40 
6 33 65 32 1 58 51 0 9 35 8 47 6 49 45 39 27 37 
6 25 61 23 21 60 53 4 10 40 5 52 253 46 47 33 28 32 
13 31 65 30 8 48 48 2 11 45 1 50 3 48 41 34 28 28 
9 29 51 24 7 52 55 6 4 41 0 53 5 53 50 42 37 47 
4 33 58 23 18 49 50 11 8 43 248 47 4 45 54 46 21 40 
7 20 58 25 12 46 59 18 12 48 3 44 4 38 50 34 26 37 
2 15 52 23 9 47 57 5 5 33 11 57 1 49 48 36 27 38 
4 19 61 25 16 48 41 5 19 52 4 40 1 39 51 45 27 38 
3 24 62 16 10 43 60 10 13 48 11 51 248 50 55 37 25 39 
10 29 71 32 12 43 51 8 6 45 0 42 7 55 47 37 28 48 
6 35 71 27 24 56 53 11 1 51 251 58 6 38 47 35 26 26 
11 28 62 22 8 53 44 12 5 54 1 49 0 45 55 39 17 32 
7 20 65 18 5 48 62 7 11 51 0 52 10 47 42 49 35 53 
8 22 58 26 14 45 57 4 13 42 253 51 255 38 50 39 27 37 
0 30 62 23 9 41 57 0 15 46 4 52 0 41 37 51 35 34 
3 31 53 22 10 49 40 255 2 49 3 41 11 35 50 36 20 29 
250 23 73 30 7 59 55 252 1 47 3 41 11 58 41 50 14 39 
7 27 52 28 9 48 58 4 12 40 5 36 3 49 40 30 33 27 
0 25 64 24 15 63 55 2 6 49 7 47 9 43 49 41 28 35 
5 21 63 23 7 52 55 13 9 38 3 54 6 50 54 51 17 45 
255 22 62 27 15 43 57 2 7 41 4 59 7 48 46 42 16 48 
1 29 67 26 14 53 62 6 12 40 3 57 11 57 45 43 21 34 
247 25 63 31 16 42 54 15 13 51 11 41 1 44 47 41 23 24 
13 27 63 23 17 46 54 255 6 45 2 50 12 46 51 40 26 36 
5 26 59 19 15 50 58 12 8 48 2 55 0 41 41 21 24 38 
12 19 66 27 17 43 49 0 6 46 0 37 3 36 48 44 19 45 
18 30 64 19 9 53 46 8 14 43 0 53 3 44 59 28 32 40 
4 33 63 37 2 48 57 11 10 52 14 34 6 55 45 48 32 31 
10 30 59 27 17 43 56 0 5 52 247 49 253 46 63 44 25 45 
3 27 66 29 21 50 48 3 1 40 1 59 5 54 51 44 22 42 
6 26 75 22 19 56 57 9 10 44 5 50 11 51 52 37 23 41 
1 28 52 29 8 44 41 16 7 52 3 48 3 65 50 45 29 36 
8 30 55 18 11 59 52 13 13 46 248 60 252 52 50 46 31 39 
0 29 60 31 13 47 52 14 3 49 3 37 10 51 42 34 30 33 
8 33 58 13 19 50 56 9 2 52 5 49 255 44 46 41 22 29 
0 30 64 29 8 44 49 9 10 38 10 49 7 53 53 33 25 43 
2 27 50 20 8 51 55 10 5 43 6 49 252 38 47 48 28 42 
3 30 60 39 1 54 56 0 4 48 6 50 0 46 50 36 31 19 
0 26 61 25 7 50 57 4 10 44 248 53 17 45 50 39 24 42 
254 40 71 24 12 50 45 13 15 42 9 46 8 41 34 32 36 38 
14 20 65 25 20 47 52 15 14 59 0 55 254 44 43 45 36 32 
9 24 55 20 9 50 59 3 12 59 4 36 9 44 53 42 25 35 
8 22 66 20 12 46 56 9 8 49 254 55 252 44 46 38 39 28 
7 22 75 29 1 43 55 251 12 43 1 47 252 42 44 42 18 36 
6 25 53 26 13 51 55 255 8 36 3 50 8 50 59 35 38 31 
2 15 69 30 12 56 59 1 4 55 7 46 9 40 48 43 20 27 
253 34 58 31 16 48 51 2 0 58 0 54 5 49 46 50 35 34 
2 30 58 18 11 46 50 6 13 57 10 45 10 33 48 27 31 45 
254 37 57 30 11 50 54 17 3 44 3 51 7 55 52 49 16 33 
0 11 64 21 22 49 54 10 254 38 2 42 254 42 36 41 31 39 
6 27 59 21 12 46 57 4 15 44 1 42 8 52 43 41 26 40 
4 28 67 30 22 42 57 7 4 46 7 53 1 42 56 38 37 38 
5 21 69 29 5 56 46 0 14 35 4 52 12 41 46 42 34 45 
11 22 53 29 15 49 56 10 254 50 8 46 7 50 42 35 35 36 
250 33 57 30 3 36 57 12 2 41 8 48 252 50 51 35 26 41 
9 22 55 27 0 45 61 11 10 40 3 59 6 53 48 48 23 40 
11 26 55 23 4 56 52 6 253 43 254 56 2 51 41 38 22 52 
0 28 57 11 14 42 59 15 6 52 6 55 2 42 43 47 28 42 
255 32 63 27 16 58 55 1 0 45 4 43 0 39 53 37 20 32 
253 17 55 34 14 53 48 5 13 40 8 50 10 45 57 48 27 40 
0 24 56 24 8 46 57 254 9 43 254 61 10 44 46 48 20 35 
4 30 62 21 8 53 44 255 11 50 5 53 15 46 57 38 23 42 
246 35 59 39 10 50 54 7 22 46 3 58 10 46 43 28 29 35 
12 23 65 23 9 48 60 10 16 52 1 49 10 45 40 40 23 33 
1 25 60 26 11 58 54 10 1 44 254 48 5 44 51 39 33 29 
246 16 55 31 4 49 57 10 4 44 0 48 5 49 42 44 34 25 
246 36 62 30 11 53 48 8 1 49 7 46 0 43 42 36 22 36 
252 23 62 35 0 52 53 8 13 45 248 49 8 47 42 42 24 49 
1 36 63 21 14 58 59 9 16 49 6 56 3 41 44 41 23 37 
3 28 64 19 12 49 54 13 6 41 2 55 9 51 47 35 33 31 
8 38 52 16 10 49 52 247 9 35 255 55 2 41 45 34 33 37 
13 26 60 21 5 60 50 255 9 59 5 50 0 39 52 35 31 41 
9 35 66 27 12 59 56 1 11 52 0 53 0 43 46 37 28 34 
8 30 76 42 10 55 51 255 6 39 4 47 7 42 48 38 25 34 
0 21 62 18 8 47 53 4 9 49 1 52 7 37 59 49 28 40 
0 32 63 23 11 45 46 1 11 56 239 48 4 43 57 46 31 32 
4 33 65 30 7 55 44 6 7 52 248 45 9 39 47 40 20 49 
3 24 58 21 16 62 63 17 8 47 5 41 4 42 53 31 26 34 
253 26 48 24 9 55 55 18 18 40 254 40 4 38 50 38 27 37 
2 22 70 18 10 50 56 9 14 53 2 53 2 48 49 39 32 41 
1 28 70 25 12 50 49 1 14 47 0 58 4 49 58 33 28 25 
11 33 66 36 1 52 54 13 9 53 0 53 254 46 52 45 31 37 
5 31 60 19 2 48 47 9 12 44 13 58 10 47 50 44 13 32 
10 34 64 28 15 44 61 4 6 50 2 50 1 41 45 46 38 34 
14 39 60 24 6 54 54 5 15 39 0 50 5 54 47 39 19 41 
13 21 61 27 0 38 51 23 19 43 255 45 252 40 49 48 26 32 
2 21 62 17 7 52 52 14 255 42 255 51 251 46 57 48 18 34 
6 21 67 29 8 42 50 5 2 51 250 44 15 40 53 40 30 41 
4 32 58 38 7 52 51 3 7 51 3 45 9 42 43 51 36 25 
252 38 60 18 10 54 56 254 4 47 255 55 3 50 53 39 29 37 
9 29 74 23 4 51 54 6 16 38 253 46 4 53 53 34 31 24 
3 27 57 18 20 49 57 0 9 45 254 54 6 37 48 46 24 39 
5 24 57 17 12 52 56 1 15 43 254 55 6 46 37 45 35 45 
255 24 67 20 5 48 50 9 9 51 255 57 13 51 55 36 25 38 
4 22 60 24 5 45 60 13 3 33 254 57 20 33 54 42 35 44 
3 20 60 41 7 46 54 250 4 32 0 53 3 40 57 41 23 45 
5 21 53 44 21 48 70 251 10 46 1 46 8 44 53 45 23 33 
7 23 56 31 12 47 51 7 21 42 249 52 1 42 56 45 28 34 
1 30 60 22 7 55 45 3 13 45 252 48 6 53 53 34 38 39 
4 21 66 28 9 47 61 250 4 41 12 49 3 41 51 30 23 35 
3 30 53 28 8 55 54 5 17 48 251 45 6 42 54 36 23 34 
15 24 68 17 18 48 45 249 11 33 1 43 0 48 56 33 41 30 
5 23 58 36 16 48 52 8 15 55 250 44 14 42 45 41 28 35 
0 28 63 16 4 54 59 18 3 39 1 47 6 49 36 40 27 44 
5 35 59 25 12 56 49 10 5 49 0 42 2 45 53 39 32 37 
9 24 66 25 9 55 61 1 20 45 0 31 0 46 45 41 28 24 
250 33 56 36 8 56 51 4 9 49 252 46 4 47 45 54 17 28 
4 41 60 32 11 45 51 0 11 41 10 37 255 47 43 42 27 40 
4 32 56 26 10 53 56 2 5 57 5 49 7 39 45 39 30 45 
2 37 58 23 1 42 47 0 7 57 253 44 3 30 52 47 27 31 
6 28 61 31 5 55 63 1 4 47 251 44 0 38 46 40 26 27 
13 30 59 23 10 51 54 20 16 41 8 52 16 35 49 38 28 45 
253 24 59 20 14 56 53 8 4 45 15 53 6 46 47 36 29 35 
249 30 64 25 17 40 55 1 7 42 8 55 19 42 48 34 31 42 
12 25 64 28 30 52 55 254 17 44 6 58 248 52 42 44 28 40 
2 28 66 30 15 50 53 11 6 39 3 58 0 55 47 38 25 29 
1 29 52 29 16 42 50 4 11 35 8 54 7 47 44 35 29 37 
1 22 68 21 3 45 58 7 16 58 0 56 8 57 55 36 24 41 
2 28 54 27 14 58 51 8 12 34 9 45 8 43 45 34 29 32 
4 35 59 35 11 51 61 7 3 39 6 48 0 44 47 47 24 36 
6 30 66 23 9 50 56 13 15 44 9 49 10 47 63 44 23 40 
13 24 57 28 11 51 60 2 253 36 247 48 4 51 53 49 37 26 
12 32 60 23 13 54 46 5 2 45 4 44 2 48 46 53 14 45 
9 35 61 30 4 41 59 8 8 47 0 46 3 55 53 49 21 25 
0 33 64 38 16 51 60 7 19 48 5 46 10 44 45 46 38 33 
7 23 58 27 10 49 54 7 5 46 11 45 5 44 52 38 31 29 
6 28 63 20 10 55 53 3 4 46 1 53 6 39 40 42 24 32 
12 26 62 26 6 54 58 4 7 51 10 49 5 52 54 31 16 38 
3 32 67 28 6 48 49 8 253 47 8 51 255 44 53 48 29 35 
2 29 62 29 15 61 54 7 2 47 7 46 7 41 46 52 35 25 
2 33 54 31 22 62 42 19 4 39 13 52 12 51 53 50 21 39 
253 21 65 42 18 50 51 12 5 56 7 42 9 43 57 40 21 37 
255 27 56 31 17 57 58 1 7 35 8 55 11 33 48 40 20 41 
6 22 59 26 17 55 56 5 8 51 3 44 251 43 56 37 26 35 
11 20 67 29 9 52 55 9 9 43 8 55 8 54 57 36 24 36 
252 28 60 19 4 45 57 4 12 43 4 71 5 42 53 42 26 32 
0 30 52 23 15 53 55 6 16 41 3 60 5 46 41 51 23 33 
6 30 58 27 19 36 43 9 16 43 2 51 4 39 54 33 39 30 
1 11 55 42 2 52 59 7 17 52 7 37 10 40 44 41 31 36 
4 22 66 29 20 56 51 252 18 46 2 50 5 43 55 24 42 42 
255 36 60 30 12 51 51 3 7 43 0 50 7 60 46 39 22 35 
252 14 61 26 19 54 49 8 17 50 5 49 2 37 50 32 32 34 
9 28 59 26 7 51 51 0 9 37 6 58 15 41 42 34 27 36 
13 27 62 18 16 59 60 250 1 52 252 56 249 42 43 40 22 26 
253 22 54 31 11 52 40 255 9 52 1 42 11 44 51 40 27 39 
10 31 53 24 6 40 49 16 12 42 3 42 6 46 53 37 28 39 
0 34 70 22 9 43 50 7 3 42 254 45 11 50 58 46 33 37 
14 37 68 27 4 33 48 6 3 46 0 41 3 56 52 40 21 31 
5 22 62 31 15 52 60 7 12 47 11 46 246 56 43 34 35 47 
0 30 59 33 5 49 58 7 5 46 13 60 251 40 41 34 36 46 
1 31 59 32 255 42 50 255 7 51 7 57 11 46 49 50 34 39 
5 30 61 18 8 53 42 3 7 48 7 60 2 54 42 39 34 37 
0 33 61 35 11 42 55 9 7 50 2 49 3 33 52 29 19 40 
6 30 68 23 6 49 50 0 5 38 0 44 7 44 39 34 24 46 
11 24 65 30 253 52 58 15 20 55 10 51 9 45 52 38 28 39 
6 26 57 28 6 48 56 7 7 55 7 46 2 50 50 45 32 31 
12 35 58 31 6 57 58 8 15 55 4 43 3 56 41 37 23 39 
8 26 61 25 9 58 44 7 19 48 7 57 0 39 49 41 29 35 
4 33 67 27 8 50 63 7 11 43 10 49 3 42 51 41 30 37 
3 24 63 28 8 46 52 4 7 35 12 48 2 39 59 57 30 30 
8 19 64 25 6 58 47 10 20 41 254 55 0 46 53 38 31 29 
250 20 55 25 15 48 56 253 12 46 3 51 246 45 56 37 27 31 
252 26 67 35 10 45 59 1 8 46 2 49 12 40 48 33 39 31 
254 12 60 31 6 45 54 14 10 44 252 46 6 37 47 37 29 28 
251 22 62 26 1 56 47 13 7 45 7 45 251 48 45 38 32 29 
0 25 61 29 10 49 59 5 21 46 5 50 5 40 49 43 32 39 
12 21 56 16 14 61 56 5 14 40 0 46 15 46 50 39 30 36 
7 30 63 20 12 53 54 5 4 55 4 51 2 46 61 39 28 46 
0 19 59 31 2 44 45 252 2 43 3 40 9 49 36 46 32 30 
11 30 61 27 7 47 60 7 9 43 251 48 0 53 43 45 29 24 
3 24 63 29 12 48 59 15 9 50 253 48 0 37 47 43 21 47 
7 25 67 28 11 44 61 15 17 34 246 49 251 52 41 48 22 28 
7 33 57 26 9 41 46 14 5 45 0 57 10 52 41 39 18 39 
252 16 55 27 13 43 46 0 12 43 3 47 14 47 50 44 22 35 
2 30 75 28 13 47 50 0 5 41 3 57 3 40 48 40 28 36 
7 34 50 31 20 43 40 8 14 45 10 40 0 48 42 47 29 38 
10 32 66 19 16 52 53 12 2 47 3 38 14 45 52 39 30 42 
253 29 68 25 8 46 64 250 254 43 9 48 8 54 49 43 24 38 
1 24 66 35 0 50 54 9 4 43 253 42 3 45 45 49 26 43 
0 21 57 26 7 56 59 4 13 42 254 43 247 44 38 41 31 40 
2 32 64 22 11 44 62 5 11 41 2 60 6 38 60 32 26 46 
4 18 59 24 1 57 59 2 10 48 255 58 10 49 65 36 29 45 
6 28 62 29 8 45 44 7 10 49 0 49 9 42 48 47 28 25 
6 25 60 34 10 45 37 2 14 46 2 56 0 42 54 39 22 34 
7 36 59 36 15 47 54 250 4 42 1 43 7 57 47 41 22 48 
9 41 59 23 18 58 56 12 10 38 1 48 0 52 46 42 28 35 
9 36 63 42 20 47 47 1 7 52 254 43 250 50 51 38 22 40 
2 30 59 19 7 55 59 6 14 46 0 59 247 46 36 36 35 32 
4 30 60 24 12 48 52 16 16 41 2 54 4 42 54 43 27 32 
16 33 61 25 9 52 50 15 7 44 252 50 1 43 49 46 25 34 
5 31 60 14 1 42 59 8 6 46 6 50 5 34 47 39 32 45 
22 26 67 26 14 65 44 250 5 46 3 34 12 45 51 44 37 47 
0 28 70 21 15 60 48 9 6 46 248 46 0 35 48 45 23 29 
255 38 60 20 7 46 58 9 11 47 253 45 4 40 42 39 33 31 
3 26 53 27 19 56 59 6 19 51 246 61 10 60 45 33 28 23 
14 49 63 30 16 55 58 3 11 40 17 49 254 52 55 43 33 37 
11 30 59 32 11 51 54 1 8 47 255 58 2 41 54 48 28 30 
1 33 67 27 8 51 59 8 3 39 254 47 6 52 47 39 39 35 
9 33 59 18 0 59 56 7 10 39 1 56 5 43 54 49 37 49 
7 26 58 32 0 49 52 2 7 47 255 49 251 33 47 46 31 36 
4 20 69 25 10 49 57 8 13 40 253 49 1 44 47 35 35 29 
3 39 62 28 17 57 56 5 5 45 12 45 7 39 42 50 36 28 
5 20 72 26 13 65 54 1 18 43 255 46 253 47 64 38 24 35 
1 24 69 35 6 42 55 7 8 43 8 52 244 48 57 30 34 29 
15 31 66 28 9 51 55 11 8 37 7 49 245 43 40 36 32 35 
5 23 73 20 11 38 53 14 9 34 5 51 6 47 46 36 34 44 
0 25 56 25 18 46 51 16 7 37 247 57 0 46 47 46 32 37 
12 32 66 20 14 52 57 4 10 32 255 48 6 49 47 35 28 41 
14 36 62 29 14 54 46 8 13 50 254 50 3 58 50 37 33 46 
3 29 60 25 7 43 51 2 6 44 13 52 3 51 43 43 21 36 
6 30 51 31 17 45 53 249 9 44 255 53 252 44 50 29 34 44 
8 28 55 18 8 53 53 12 22 49 1 45 7 54 50 41 26 24 
2 28 65 25 2 49 61 2 255 41 0 41 5 34 44 44 31 39 
6 26 59 36 10 51 65 0 10 46 5 55 7 34 46 48 30 39 
1 26 61 38 3 51 54 6 14 41 9 63 1 38 53 44 25 32 
3 19 58 42 10 44 42 254 6 44 241 42 254 46 44 43 20 40 
11 22 64 31 5 46 59 12 12 55 252 41 7 42 51 29 32 42 
1 34 58 14 14 47 44 13 14 52 8 50 13 54 47 40 36 35 
1 29 59 43 11 58 50 2 8 39 2 39 1 40 52 44 29 38 
7 36 59 36 15 43 64 3 4 38 255 54 249 42 53 47 33 38 
7 19 67 29 5 53 53 11 3 40 8 51 252 43 55 43 29 34 
10 24 65 26 17 39 52 8 11 39 251 47 10 40 41 41 26 42 
0 34 63 26 20 48 45 6 14 42 4 45 14 35 45 43 15 47 
1 28 72 34 15 54 53 7 10 42 0 60 254 41 46 37 29 38 
2 17 58 24 253 52 56 3 10 38 1 64 0 49 44 42 29 47 
250 29 60 28 11 42 60 7 19 38 2 47 1 59 41 44 28 31 
9 25 60 18 11 45 64 14 14 41 11 48 11 44 57 36 10 35 
3 27 64 23 4 42 58 10 16 41 13 51 247 44 53 40 34 28 
17 18 60 22 11 54 51 3 7 39 0 50 9 31 55 51 27 32 
7 20 57 29 13 57 45 4 19 46 0 58 253 37 49 40 24 35 
1 28 56 16 23 45 65 15 9 28 2 45 9 43 45 33 34 41 
3 29 52 30 12 59 54 9 6 45 2 52 5 47 51 48 35 35 
10 26 55 24 19 47 48 13 7 56 3 44 4 52 40 40 22 39 
0 32 52 26 12 53 53 1 4 33 6 59 255 44 43 36 25 31 
9 36 50 28 10 40 54 248 0 39 250 46 2 40 45 36 30 31 
5 39 61 34 0 47 50 4 11 55 2 47 0 51 41 42 20 37 
12 23 55 31 9 49 56 8 15 45 251 53 4 43 56 47 32 38 
1 21 67 22 11 35 67 254 9 40 9 38 12 50 51 43 32 27 
17 19 67 22 10 54 53 255 17 46 7 50 0 38 53 43 41 34 
10 20 62 20 14 52 50 12 8 44 3 47 251 50 55 37 35 41 
10 19 68 27 15 54 55 1 13 54 0 45 245 43 55 38 25 36 
5 22 63 25 12 49 47 6 14 53 5 50 5 45 49 47 22 38 
5 22 62 24 10 51 53 18 18 49 250 48 6 42 44 44 30 31 
254 27 63 29 8 42 59 18 10 40 3 42 15 49 44 47 30 42 
255 14 52 28 12 45 63 4 15 48 1 54 253 49 57 37 32 29 
253 24 58 29 12 46 49 8 5 51 10 59 5 32 44 34 37 35 
0 17 59 25 14 58 50 7 15 51 4 44 7 46 54 43 29 23 
5 26 65 30 9 55 45 15 14 49 255 51 4 54 47 42 33 35 
9 25 57 21 14 49 63 8 4 45 0 53 0 52 45 45 27 33 
7 28 71 28 254 57 58 15 6 45 9 37 2 41 40 47 37 41 
254 33 68 20 6 48 45 11 12 46 5 61 9 40 52 35 33 36 
10 23 65 23 0 50 62 249 1 50 253 51 17 42 58 32 34 34 
255 19 56 37 14 44 50 10 5 47 2 51 2 37 46 33 20 43 
7 28 62 24 0 50 55 6 17 36 2 52 0 38 50 34 24 27 
4 20 61 26 13 44 48 9 1 42 0 40 10 55 58 43 25 39 
255 26 61 18 7 60 53 9 4 43 254 33 16 51 58 32 29 38 
11 33 59 25 14 47 53 5 21 55 244 52 253 45 45 32 22 32 
0 29 67 29 9 55 59 14 18 48 252 58 7 42 55 44 24 40 
0 24 56 28 10 52 55 6 11 40 9 42 8 49 51 42 29 23 
5 24 63 24 14 51 53 255 3 59 6 50 2 46 50 42 26 41 
1 30 69 26 8 55 60 3 15 47 255 40 9 44 49 33 25 36 
4 38 57 31 17 48 41 9 12 43 9 62 13 39 48 42 28 29 
249 34 71 22 254 47 52 5 11 39 9 52 7 38 58 34 26 42 
5 24 72 26 9 41 53 8 20 46 3 47 1 44 53 31 25 32 
4 28 56 15 0 43 53 0 17 48 5 53 0 46 55 42 32 43 
8 33 62 23 12 52 50 4 11 46 1 48 12 54 50 32 36 35 
10 28 61 27 20 52 58 6 11 51 4 50 4 40 48 43 18 44 
3 10 51 22 10 46 53 253 0 38 2 49 12 54 51 44 19 29 
5 15 68 17 0 64 60 4 10 51 254 45 7 43 51 40 26 33 
11 16 60 29 12 59 49 13 5 47 2 50 0 44 51 34 20 44 
9 27 83 27 5 61 52 3 13 43 4 51 3 50 58 34 25 44 
255 27 56 30 10 57 61 253 17 50 255 49 3 43 47 40 29 27 
253 25 63 13 5 46 49 5 11 38 0 51 0 51 57 44 26 36 
1 25 67 21 8 44 56 9 10 41 255 49 255 43 59 42 35 37 
9 28 56 28 1 51 55 7 15 49 251 44 3 51 46 36 28 45 
9 25 55 26 11 51 52 11 19 51 4 53 253 57 45 44 34 38 
254 24 54 21 7 49 60 3 252 41 254 47 1 42 50 31 15 29 
12 24 62 25 18 49 64 19 10 42 251 56 4 41 47 47 19 41 
6 18 67 12 20 50 48 3 3 48 251 38 12 46 38 33 23 39 
251 22 54 17 11 48 61 12 11 53 254 56 254 43 49 42 34 43 
3 32 62 31 16 44 54 14 4 47 15 34 1 37 46 27 20 32 
3 29 56 27 15 62 44 7 15 50 251 52 8 35 49 51 30 41 
2 30 66 37 8 56 51 4 5 35 1 54 4 50 51 42 25 35 
7 18 71 27 12 56 46 10 6 35 5 40 254 53 57 41 29 36 
15 26 61 23 9 41 61 252 8 44 252 49 0 56 41 55 31 43 
7 17 45 22 16 42 54 0 12 46 5 65 4 49 41 48 15 41 
246 31 73 31 17 42 56 6 9 37 0 50 5 42 58 37 27 35 
2 24 70 24 16 55 63 251 13 40 1 43 0 47 60 40 34 34 
11 24 64 28 11 47 61 1 5 54 254 43 6 41 41 39 23 44 
1 19 69 20 21 50 50 12 15 56 16 46 11 38 50 43 32 37 
7 25 62 18 17 49 57 13 6 40 5 50 251 42 47 34 28 47 
0 30 56 26 2 46 57 9 17 41 0 44 10 49 52 37 33 39 
8 35 54 19 254 56 55 7 10 45 255 42 0 42 46 44 23 38 
14 27 60 33 10 59 55 16 20 42 5 48 0 48 50 34 33 47 
9 34 65 21 16 41 47 7 8 42 1 46 10 43 50 42 25 34 
6 26 54 22 0 48 49 7 0 47 0 45 6 38 49 31 27 29 
8 29 58 29 5 45 56 8 2 41 4 56 2 45 48 31 19 30 
250 23 66 32 17 42 60 0 8 46 248 44 7 36 48 31 21 33 
3 19 63 30 16 51 46 13 255 50 1 53 6 45 41 46 21 38 
11 42 68 24 0 40 49 22 11 38 5 62 2 48 40 38 24 44 
5 34 59 28 9 52 68 7 5 49 5 47 11 41 46 37 24 37 
247 23 63 24 6 56 63 3 18 29 6 56 2 39 52 50 36 36 
7 25 74 27 21 48 50 2 2 48 4 45 3 44 51 50 33 44 
251 33 50 32 14 40 59 2 254 44 252 54 6 51 50 42 33 35 
3 17 58 24 3 55 54 5 12 41 0 53 6 38 48 34 34 30 
13 17 55 32 15 53 52 9 8 49 7 54 0 46 54 42 37 34 
3 34 61 25 8 50 52 2 13 39 0 43 5 42 63 41 22 29 
2 34 60 26 6 46 51 1 10 43 3 50 253 49 49 40 28 32 
5 20 60 36 13 46 52 247 5 49 6 61 4 47 50 42 26 39 
4 36 58 27 3 58 50 16 7 47 7 54 4 36 59 46 38 31 
0 28 66 25 16 46 56 0 7 48 9 56 7 33 34 46 36 35 
255 30 55 18 12 55 51 19 10 38 253 53 2 40 49 46 29 36 
1 36 64 11 12 67 59 4 14 44 255 41 255 49 43 38 39 44 
4 36 63 23 9 45 53 4 3 47 8 53 7 49 42 42 25 33 
8 20 51 33 16 47 54 9 10 44 254 56 255 45 47 34 21 43 
253 28 63 22 12 58 55 7 11 53 252 53 0 33 50 36 25 42 
5 22 57 31 9 61 62 2 1 36 1 38 3 47 46 37 17 37 
251 19 58 28 255 50 54 14 1 37 4 36 8 50 48 38 28 35 
4 22 64 27 11 47 57 255 14 46 6 48 7 44 40 35 28 29 
5 23 63 26 11 43 51 4 8 33 12 58 10 41 60 39 27 44 
254 27 60 22 14 46 46 19 5 46 255 48 255 53 45 46 27 37 
9 22 56 25 16 60 58 5 5 53 2 49 4 54 57 39 33 37 
14 19 60 22 11 51 49 12 13 54 253 50 2 43 52 36 27 29 
250 22 52 27 8 46 61 10 11 51 0 49 0 45 47 43 30 38 
0 27 66 25 7 44 62 2 253 43 1 53 0 44 44 40 26 33 
1 25 58 34 20 51 56 250 12 48 7 50 11 47 50 34 19 45 
4 37 70 22 8 54 54 254 0 44 3 47 6 46 53 43 30 27 
254 7 67 19 17 46 49 254 16 39 11 48 1 37 50 43 38 39 
2 34 58 15 9 47 55 7 17 37 249 43 3 41 45 44 43 36 
2 27 63 24 0 46 59 7 9 47 2 53 9 48 48 32 30 38 
3 27 65 30 13 49 64 7 8 46 253 37 2 38 43 43 19 33 
0 19 66 21 11 50 52 0 21 45 3 48 5 42 51 33 31 34 
0 24 63 24 6 52 38 5 19 44 2 54 255 51 48 37 24 35 
10 32 66 14 5 57 50 13 15 42 2 50 8 48 53 44 24 31 
9 24 67 17 9 51 50 10 10 42 255 44 6 45 37 41 28 29 
16 28 59 19 13 40 53 0 18 52 5 42 15 39 50 51 17 28 
0 22 59 26 0 37 49 7 7 36 6 41 12 45 42 47 34 32 
9 31 58 21 7 44 57 10 1 50 246 57 3 42 44 37 28 32 
2 33 63 31 3 57 54 249 8 44 0 54 7 34 52 33 33 39 
253 36 61 31 12 53 56 1 5 47 6 54 6 40 50 35 28 39 
5 32 51 34 9 48 54 11 13 46 0 46 11 52 50 42 31 39 
13 32 56 37 21 53 48 4 5 48 16 48 252 54 42 35 39 34 
9 22 52 31 24 47 61 10 18 50 249 49 9 40 50 39 34 38 
253 29 55 24 8 53 57 0 7 39 2 45 10 50 45 34 28 38 
254 34 59 24 1 54 58 4 2 43 5 43 11 43 54 36 30 27 
0 18 46 30 1 42 57 19 9 24 255 51 3 45 55 47 28 33 
3 31 48 25 11 57 46 11 17 40 253 58 13 48 43 26 27 42 
3 30 63 47 7 48 62 2 5 45 254 44 11 46 54 41 36 41 
8 35 59 22 19 46 47 1 9 52 7 52 9 45 45 32 21 32 
6 23 59 24 8 59 47 1 1 42 246 48 7 41 59 40 29 42 
2 20 63 26 5 43 53 8 21 30 255 54 6 40 51 36 36 45 
12 28 60 35 13 42 70 7 11 41 250 48 6 47 44 42 24 39 
254 35 54 25 13 46 47 250 16 40 0 49 1 37 48 38 21 37 
2 24 70 26 5 48 63 14 4 44 1 45 253 45 63 41 29 33 
2 19 58 33 9 51 43 6 3 40 1 55 2 34 46 42 18 37 
5 25 63 28 11 49 68 5 15 43 6 43 14 44 45 45 23 31 
2 29 58 20 5 46 49 5 16 33 8 43 13 43 50 36 26 36 
7 21 53 28 1 45 61 6 255 37 6 49 1 53 64 30 16 37 
6 25 63 20 12 49 55 12 6 35 253 57 7 46 37 39 36 40 
3 30 61 21 13 56 56 4 12 47 5 58 4 49 44 36 25 36 
1 24 66 30 6 47 43 250 10 44 251 45 19 45 50 40 19 28 
3 23 60 29 8 52 56 0 252 48 0 40 251 44 49 45 16 30 
3 23 60 26 7 52 48 8 14 52 17 41 10 47 50 41 22 36 
3 34 56 30 10 56 51 2 3 37 12 51 4 43 56 39 31 42 
2 29 65 30 30 57 57 0 12 47 1 43 18 48 43 37 34 38 
16 25 46 19 13 52 53 11 4 45 254 42 0 37 40 38 28 30 
10 20 50 25 0 40 47 8 3 40 2 53 4 46 49 41 24 34 
2 24 64 25 14 47 51 6 12 38 5 40 2 51 42 41 14 34 
11 33 60 31 16 50 51 8 7 49 0 49 6 42 40 38 24 44 
0 29 69 26 10 54 51 10 5 32 2 41 7 37 49 47 28 39 
14 20 61 21 13 59 50 4 14 40 16 47 6 41 45 44 24 32 
7 21 69 20 8 51 46 7 5 58 0 52 4 60 57 36 15 32 
253 26 60 19 12 43 58 15 7 48 255 54 3 39 42 40 24 30 
14 29 51 30 24 50 66 3 7 52 249 48 3 46 56 40 28 31 
16 24 66 25 6 55 51 1 18 49 0 45 4 46 50 46 34 34 
0 20 55 34 21 43 48 18 3 40 18 48 1 44 46 43 29 37 
1 24 58 25 13 51 58 16 8 55 2 46 9 46 61 42 27 35 
255 20 53 27 19 55 49 10 15 44 11 41 1 47 46 38 40 34 
14 27 72 24 10 46 55 7 0 52 7 55 2 44 47 33 26 39 
0 25 57 19 7 47 52 251 0 43 3 46 4 45 52 46 25 42 
255 32 62 40 4 61 61 6 19 48 3 49 251 51 51 40 31 34 
253 31 57 27 4 53 45 9 5 60 1 65 1 48 51 27 26 34 
5 26 53 30 4 65 58 9 7 44 2 46 7 41 52 34 24 33 
1 28 62 30 3 53 61 3 12 42 10 51 5 29 44 31 34 29 
12 22 54 28 5 51 58 0 5 46 255 52 255 45 43 33 28 37 
9 30 64 45 18 40 62 0 17 49 1 46 10 44 57 50 33 29 
6 33 64 35 1 46 56 15 4 45 254 50 6 57 46 37 26 34 
4 39 66 22 10 47 45 5 7 46 253 46 2 38 52 29 29 31 
254 28 63 36 19 59 50 8 16 30 9 44 1 53 50 49 23 54 
12 25 57 21 7 45 48 1 14 46 0 56 2 40 43 42 29 33 
1 29 60 33 16 48 53 11 12 47 7 50 12 44 47 38 32 29 
11 35 62 24 25 50 47 13 14 39 11 51 8 45 40 39 23 39 
6 25 59 39 7 51 51 8 0 41 7 55 2 38 53 40 32 28 
10 24 66 31 15 61 54 0 9 57 0 50 3 43 55 38 21 44 
3 22 54 12 6 42 57 1 12 35 8 50 248 56 41 44 28 38 
0 26 54 28 14 53 51 9 11 54 7 65 10 50 56 51 25 30 
248 35 62 30 8 41 50 1 8 39 6 50 2 56 54 40 34 44 
6 30 70 27 8 54 57 249 7 43 5 51 2 51 49 36 36 39 
0 36 58 13 18 47 56 9 24 48 6 59 15 54 48 37 24 42 
3 35 69 27 16 58 52 1 17 41 2 52 7 45 34 36 23 37 
1 30 59 35 13 58 55 3 7 39 6 46 9 42 56 38 26 33 
2 32 68 24 5 51 51 250 8 36 251 51 254 49 42 39 23 40 
10 25 62 24 10 58 65 6 7 49 246 49 8 54 47 41 30 36 
7 37 65 22 9 49 55 8 15 45 5 51 1 42 62 42 25 43 
7 22 55 29 9 57 49 5 8 44 10 54 4 45 58 43 25 44 
8 30 57 18 14 36 52 8 13 39 8 49 1 41 42 33 29 39 
3 28 67 20 2 38 44 1 2 40 3 53 7 55 57 36 34 46 
4 28 68 23 15 55 54 9 9 47 4 36 255 33 47 42 15 37 
254 34 68 17 6 48 55 254 12 46 5 52 2 50 57 36 41 38 
13 30 63 23 13 54 73 3 13 51 8 46 1 51 50 41 19 45 
